A_id,B_id
1004,1440
1004,4515
1007,1260
1007,1440
1007,4515
101,4515
101,1440
1010,1440
1010,4515
1019,1845
1019,1440
1019,4515
1022,1440
1022,4515
1028,1440
1028,4957
1028,4958
1028,4515
1031,1440
1031,4515
1034,4669
1034,4903
1034,4515
1034,3884
1037,4467
1037,4515
1043,4515
1046,2816
1055,4515
1055,1440
1064,1440
1064,4515
1067,4515
1067,1440
1070,1440
1070,4515
1076,4515
1076,1440
1082,4954
1082,4515
1082,4644
1082,4474
1082,4490
1082,4714
1082,4183
1082,4796
1082,3914
1082,4297
1082,3923
1082,3758
1082,1440
1082,3597
1085,4515
1085,1440
1088,1440
1088,4515
1097,4906
1097,4515
11,4515
11,1440
110,4515
1103,1440
1103,4515
1106,5368
1109,4515
1109,3803
1115,4515
1115,1440
1118,4515
1118,1440
1124,1440
1124,4515
1127,4515
1127,1440
113,1440
113,4515
1136,5023
1139,4515
1139,4675
1139,1440
1145,1440
1145,4515
1148,4031
1148,4383
1148,4406
1148,4515
1148,4488
1148,3557
1148,3541
1148,1440
1151,58
1151,1440
1151,4515
1154,1318
1154,1059
1154,1440
1154,1004
1154,4515
1157,4515
1157,1440
116,1440
116,4515
1163,4515
1163,1440
1166,1440
1166,4515
1169,1440
1169,4515
1172,4515
1172,1440
1175,1440
1175,4515
1178,1440
1178,4515
1181,4515
1181,1440
1184,752
1187,1440
1187,4515
119,4515
119,1440
1190,1440
1190,4515
1193,4515
1199,3713
1199,4515
1199,1440
1205,4525
1205,4515
1205,2904
1205,1440
1208,4515
1208,1440
1208,2770
1208,726
1208,3312
1208,1606
1208,1359
1208,2013
1211,1440
1211,4515
1214,4111
1214,3865
1214,4646
1214,4850
1214,4092
1214,4035
1214,4515
1214,3845
1214,4362
1214,1440
1217,4515
1217,1440
1220,4266
1220,4515
1220,1440
1223,4515
1223,1440
1226,1440
1226,4515
1226,4711
1232,1440
1232,4515
1235,4515
1241,1440
1241,4515
1244,4515
1244,1440
125,2173
1250,4515
1250,4903
1253,4851
1253,4515
1253,1440
1256,4515
1259,4515
1259,1440
1262,4515
1262,1440
1265,1440
1265,4515
1268,4515
1268,1440
1277,4035
1277,4092
1277,4111
1277,4515
1277,3865
1277,4850
1277,4362
1277,4646
1277,3845
1277,1440
128,1440
128,4515
1280,4515
1280,1440
1283,4515
1283,1440
1286,1440
1286,4515
1289,4515
1289,1440
1292,4515
1292,1440
1295,1440
1295,4515
1301,4515
1301,1440
1301,2904
1304,1440
1304,4515
1307,4515
131,4515
131,1440
1310,1440
1310,4515
1313,4515
1313,5360
1313,1440
1316,2589
1325,4515
1325,1440
1328,1440
1328,154
1328,4515
1328,4394
1331,4515
1331,1440
1334,4515
1337,4515
1337,4589
1337,1440
134,1440
134,4515
1340,1440
1340,4515
1343,4515
1343,1440
1346,4515
1349,4515
1355,1440
1355,4515
1358,4515
1358,1440
1376,4515
1379,1440
1379,4515
1382,4515
1388,4515
1391,4515
1391,1440
1394,4515
1394,5072
1394,72
1394,1440
1394,647
1394,2012
1394,2147
1394,1200
1394,1870
1394,130
1397,1440
1397,4515
140,4515
140,1440
1400,1440
1400,3541
1400,3557
1400,3516
1400,4674
1400,4587
1400,4406
1400,4711
1400,3656
1400,4031
1400,4515
1400,4383
1403,4515
1403,596
1403,1440
1406,3408
1409,1440
1409,4515
1412,4515
1412,1440
1415,4515
1415,1440
1418,1440
1418,4515
1421,4515
1421,4711
1421,1440
1427,5237
1427,4515
1427,1440
143,1440
143,4515
1430,4515
1430,1440
1433,4515
1433,4111
1433,3865
1433,4035
1433,4850
1433,4362
1433,4646
1433,4712
1433,4092
1433,3845
1433,1440
1436,1440
1436,4515
1442,4515
1442,1440
1445,4515
1448,4515
1454,4515
1454,1440
1457,1440
1457,586
1457,4515
146,1440
1466,1440
1466,969
1466,4515
1475,4515
1478,1440
1478,4515
1481,4685
1481,4424
1481,3977
1481,3925
1481,4515
1481,1440
1484,4515
1484,1440
1487,1440
1487,4515
149,4515
1493,1291
1493,1164
1493,5401
1493,4515
1496,4669
1496,4903
1496,3884
1496,4515
1502,1440
1502,4515
1502,4205
1505,4515
1505,1440
1508,1440
1508,4515
1511,754
1511,1440
1511,4515
1514,4515
1514,1440
1514,743
1517,1440
1517,4515
152,1440
152,198
152,4515
1523,4515
1526,1440
1526,4515
1529,3845
1529,4362
1529,4035
1529,4646
1529,4111
1529,3865
1529,4515
1529,4850
1529,4092
1529,1440
1532,1440
1532,4515
1535,1440
1535,4515
1541,4515
1541,1440
1541,68
1544,1440
1544,4515
1547,4515
1547,1440
155,4515
1559,1440
1559,4515
1565,1440
1565,4515
1571,1440
1571,4515
1574,1440
1574,4515
1577,4515
1577,1440
1580,1440
1580,4515
1586,1440
1586,4515
1589,1440
1589,4515
1592,4515
1592,1440
1595,1440
1595,4515
1601,1440
1601,4515
1604,4515
1604,1440
1610,1440
1610,4515
1613,4515
1613,1440
1616,1440
1616,3796
1616,4515
1619,1440
1619,1095
1619,4515
1622,4515
1628,4515
1631,4515
1631,1440
1634,4515
1634,1440
1637,1440
1637,4515
1637,4077
164,4515
164,1440
1640,4515
1640,1440
1643,1440
1643,4515
1646,4515
1646,1440
1649,4515
1649,1440
1655,4515
1655,1440
1658,4515
1658,1440
1661,1440
1661,4515
1664,4515
1664,1440
1664,3191
1667,2386
167,1440
167,4515
1670,4515
1670,1440
1673,4515
1673,1440
1676,1440
1676,4515
1679,4515
1679,1440
1688,1440
1688,1366
1688,4515
1691,4515
1691,1440
1697,4515
170,4523
170,1440
1709,1440
1709,4515
1709,3959
1709,4801
1712,4515
1712,1440
1715,4515
173,4515
173,1440
1730,4515
1733,4037
1733,4515
1733,1440
1736,4515
1736,1440
1736,328
1739,1440
1739,4515
1742,659
1745,4515
1745,1440
1748,3327
1748,1440
1748,4515
1751,4515
1751,1440
176,4515
176,2418
176,2417
176,2416
176,1440
1763,4515
1766,1440
1766,4515
1766,5007
1769,4515
1769,4102
1769,1440
1775,1440
1775,4515
1778,444
1781,4515
1781,1440
1784,1440
1790,4521
1790,4515
1790,1440
1793,1440
1793,915
1793,4166
1793,4515
1793,4165
1796,124
1796,4515
1802,145
1802,1440
1802,4515
1805,1440
1808,4515
1808,377
1808,1440
1811,1440
1811,3770
1811,4515
1814,4438
1814,4515
1817,4515
1817,1440
1820,1440
1820,4563
1820,4515
1823,4515
1823,1440
1826,4515
1829,1440
1829,4515
1832,4515
1832,1440
1832,3312
1832,2770
1832,2474
1832,726
1832,2013
1832,1606
1832,1359
1835,1440
1835,4736
1835,3959
1835,4515
1838,1440
1838,4515
1841,4515
1844,4515
1844,1440
185,4515
185,1440
1850,3434
1853,1440
1853,4515
1856,4515
1859,4005
1859,4515
1859,1440
1862,1440
1862,4515
1865,4515
1865,1440
1868,4515
1871,4515
1871,1440
1874,2996
1877,1440
1877,4515
188,4515
188,1440
1880,1440
1880,4515
1883,1440
1883,3147
1883,4515
1886,4070
1886,4515
1886,4010
1886,1440
1889,1440
1889,4515
1892,1440
1892,2697
1892,4515
1895,4515
1895,1440
1898,229
1898,1027
1898,1007
1898,4515
1904,4515
1904,1440
1907,5283
191,1440
191,4515
1910,5253
1910,4515
1910,1440
1916,4515
1919,4515
1919,807
1919,1440
1922,5205
1922,4515
1922,1440
1928,4515
1928,1440
1928,2200
1934,4515
1934,1440
1937,1440
1937,3732
1937,4515
1940,4515
1946,1440
1952,4515
1952,4790
1952,4789
1952,1440
1955,4515
1958,1440
1958,4515
1961,4515
1961,1440
1964,1440
1964,4515
1967,1440
1967,4515
197,4515
1970,1440
1970,4515
1973,1553
1973,417
1976,4515
1976,1440
1982,1440
1982,4515
1985,4515
1985,1440
1985,1708
1985,1007
1985,2501
1991,4515
1991,1440
1994,1440
1994,4515
1994,4410
2,3266
20,1440
2000,870
2003,4515
2006,1440
2006,4515
2009,4515
2009,1440
2012,1440
2012,4515
2015,2621
2015,1440
2015,4515
2021,4515
2021,1440
2024,1440
2024,4515
2027,4413
2027,4515
2027,1440
2033,1440
2033,4515
2036,4515
2036,1440
2039,4515
2039,1440
2042,2804
2042,1440
2042,4515
2045,4515
2045,352
2045,1440
2048,4515
2048,1440
2051,1440
2051,4643
2051,4092
2051,4642
2051,4850
2051,4515
2054,4515
2054,1440
2057,4515
2057,3343
2057,1440
206,1440
206,4515
2060,4515
2063,5277
2063,4515
2063,1440
2072,1440
2075,1182
2075,1440
2075,4515
2078,1440
2078,4515
2081,4515
2081,1440
2084,1440
2084,4455
2084,4515
2090,1440
2090,4515
2093,794
2093,1440
2093,4515
2096,4515
2096,1440
2099,1440
2099,3665
2099,4515
2105,4515
2114,1440
2114,4515
2117,4515
2117,1440
212,4515
2120,1440
2120,129
2120,4515
2123,4515
2123,1440
2123,483
2129,4515
2132,4515
2132,1440
2135,4515
2135,1440
2138,1440
2138,4515
2141,4515
2141,1440
2144,1440
2147,1440
2147,4515
215,1440
2156,1440
2156,4515
2162,5452
2165,4515
2165,1440
2168,1440
2168,4515
2171,1440
2171,4515
2174,4515
2174,1440
2177,1440
2177,4206
2177,4515
2180,4515
2180,1440
2183,2115
2183,1440
2183,4515
2186,1440
2186,4515
2192,1440
2192,4515
2195,1440
2195,4515
2201,2298
2201,1440
2201,4515
2204,1440
2204,4515
2207,4903
2207,4862
2207,4515
2210,1440
2210,4515
2216,4515
2216,1440
2219,4515
2222,2143
2225,4515
2225,1004
2225,1318
2225,1059
2225,1440
2231,1440
2231,4175
2231,4515
2237,1440
2237,4515
224,4515
2246,1440
2246,4515
2249,1440
2249,4515
2252,4515
2252,1440
2252,2006
2255,1440
2255,4515
2258,1440
2258,4515
2261,4515
2261,1440
2261,1787
2264,4881
2264,4515
2267,4515
227,4515
227,1440
2273,1440
2273,4515
2276,4049
2279,1440
2279,4515
2282,1440
2282,4299
2282,4515
2285,4515
2285,1440
2285,172
2288,1440
2288,5247
2291,1440
2291,4515
2294,4515
2294,873
2294,874
2294,1440
2297,1440
2297,4515
23,1440
23,1357
23,4515
230,1440
2300,1440
2300,4515
2303,1440
2303,4515
2309,4515
2309,1440
2309,2713
2315,4515
2315,2904
2315,1440
2318,4515
2318,1440
2324,1440
2324,3350
2324,2702
2324,1869
2324,4515
2330,1440
2330,4515
2333,4515
2333,1440
2339,4515
2339,1440
2342,1440
2342,4515
2342,4585
2345,4515
2345,1440
2348,4515
2348,1440
2351,1440
2351,4515
2354,4515
2360,4515
2360,1440
2363,1440
2369,1440
2369,4515
2384,4515
2387,1440
2387,4515
239,4750
239,4515
239,1751
239,3214
239,2951
239,1440
2390,1440
2390,4515
2396,1440
2396,4515
2402,4515
2408,4515
2411,1440
2411,4515
2414,4515
242,4515
242,1440
2420,786
2420,1328
2420,3932
2420,4515
2420,4896
2420,3729
2423,4515
2429,4515
2429,1440
2432,1440
2432,4515
2435,4515
2438,4515
2441,4515
2441,1440
2447,4936
2447,4515
2447,1440
245,1440
245,4515
2450,4515
2450,1440
2453,4515
2453,1440
2456,4515
2459,4515
2465,4515
2465,1440
2468,4515
2468,1440
2471,2904
2471,1440
2471,4724
2471,4515
2474,4515
2474,1440
2477,4515
2477,1440
248,143
2483,1440
2483,4515
2486,4515
2486,1440
2489,4515
2492,4515
2495,4515
2504,4515
2507,1440
2507,4215
2507,4515
2507,4184
251,970
2510,4515
2516,4515
2516,1440
2522,4515
2522,1440
2525,4732
2525,4515
2525,3914
2525,1440
2531,4515
2534,4515
2537,4515
2537,1440
2537,3536
254,1440
254,4515
2540,1440
2540,4515
2543,4515
2546,1440
2546,4600
2546,4515
2546,3761
2546,4667
2546,4423
2549,4515
2561,4515
2561,1440
2564,1440
2564,4515
2567,1440
2567,4515
257,4515
257,1440
2576,4515
2585,4515
2585,922
2585,1440
2585,2212
2588,4515
2591,4456
2594,4515
260,4515
260,1440
2600,1440
2603,1440
2603,4515
2609,4515
2615,4515
2615,1440
2618,4515
2618,1440
2624,1440
2624,4515
2627,4515
2627,1440
263,1440
263,4515
2630,2523
2630,1440
2630,4515
2633,4515
2633,1440
2636,1440
2636,4515
2639,1440
2639,4515
2645,4515
2645,1440
2648,1440
2648,4515
266,1440
2666,4515
2666,4594
2669,1440
2675,1440
2675,4515
2678,4515
2678,1440
2681,1440
2681,4515
2687,4515
269,1440
269,4515
2690,4515
2693,4515
2693,1440
2696,1440
2696,4515
2699,1440
2699,4515
2702,4515
2705,4515
2705,1440
2711,1440
2711,4515
2714,4515
2714,1440
2717,1440
2717,4515
272,4515
2720,4515
2720,1440
2726,1440
2726,4515
2729,1440
2729,4515
2738,4515
2738,1440
2741,1440
2741,4515
2747,1440
2747,4515
275,4515
275,1440
2750,1440
2750,3034
2750,4515
2753,1440
2753,4515
2756,3847
2756,4515
2756,1440
2762,4515
2762,1440
2768,4515
2768,1440
2774,1440
2774,2904
2774,4515
2774,4383
2777,4515
2777,1440
278,4515
278,1440
278,1738
2780,1440
2780,4515
2783,4515
2783,1440
2789,683
2792,4515
2795,4515
2795,1440
2798,4515
2798,1440
2807,4515
2807,1440
281,2181
2810,4357
2810,4515
2819,4515
2819,1440
2828,1440
2828,4515
2834,4515
2837,1440
2837,4515
284,4515
2843,4515
2843,1440
2849,4515
2849,1440
2858,4515
2858,1440
2861,1440
2861,4515
2864,4515
287,1440
287,4515
2870,4515
2870,1440
2873,1440
2873,4515
2876,714
2876,1440
2876,4515
2879,1440
2882,1440
2882,4515
2885,1440
2885,4515
2888,4515
2888,1440
2894,4515
2894,1440
2897,1440
29,4515
29,1440
2903,4515
2903,341
2903,1440
2906,278
2909,1440
2909,4515
2915,1440
2915,4515
2918,2206
2921,1440
2921,4515
2927,1440
2927,4515
293,1440
2933,1440
2933,4515
2936,4515
2936,4551
2936,1440
2939,2662
2939,1440
2939,703
2939,4515
2942,1934
2942,1440
2942,4515
2945,4515
2945,1440
2954,1440
2957,4515
2957,1440
296,2183
296,1440
296,4515
2960,1440
2960,4515
2963,4515
2963,1440
2972,4515
2972,1440
2975,1440
2975,4515
2978,1440
2978,4515
2981,4515
2981,1440
2987,4515
2987,1440
2990,4515
2990,1440
2993,4515
2996,4515
2996,1440
2999,1440
2999,4515
3002,548
3002,1440
3002,4515
3005,4515
3005,1440
3008,4515
302,1440
3020,1440
3020,4515
3023,4515
3023,1440
3029,1440
3029,5308
3029,4515
3032,4515
3032,1440
3038,4515
3038,1440
3041,1440
3041,4515
3044,4515
3044,1440
3047,4515
3047,1440
305,1440
305,4515
3050,4515
3050,1440
3053,4515
3053,1440
3056,1440
3059,4515
3059,1440
3062,1440
3065,2179
3068,4515
3068,599
3071,4515
3071,1440
3074,1440
3074,4515
3074,5290
308,1440
3080,4515
3080,1440
3080,1717
3083,1440
3083,4515
3086,1440
3086,4515
3089,1440
3092,1440
3092,4515
3095,1440
3095,4515
3098,4515
3098,1549
3098,1440
3101,4515
3104,1440
3104,4515
311,1440
311,4515
3110,1440
3110,4515
3113,4515
3113,471
3113,1440
3116,1440
3116,4515
3122,1440
3122,4515
3125,4515
3125,1440
3128,4515
3134,1440
3134,4515
314,4515
3140,1440
3140,4515
3143,4515
3143,1440
3146,1440
3146,4515
3149,523
3149,1440
3149,1159
3149,4109
3149,4515
3155,1440
3155,4515
3158,1440
3158,4515
3161,4515
3161,1440
3161,1048
3164,1440
3164,4515
3167,1440
3167,4515
317,4515
3170,1440
3170,4515
3173,1440
3173,4515
3176,4515
3179,4515
3179,1440
3182,1440
3182,4515
3188,1440
3188,4515
3191,4515
3191,1203
3191,1440
3194,1440
3194,4515
3197,1440
3197,4515
32,4515
32,1440
3203,1440
3203,4515
3206,4515
3206,1440
3212,4515
3212,1440
3215,1440
3215,4515
3218,4515
3218,1440
3221,4515
3221,1440
3224,1440
3224,4515
3227,745
323,4515
3236,4515
3236,1440
3239,4515
3239,1440
3245,4515
3248,4515
3248,1440
3251,1440
3254,1440
3254,4515
3257,4515
3257,1440
326,4515
326,1440
3260,1440
3260,5098
3260,4515
3269,4515
3269,1440
3275,1440
3275,4515
3278,4515
3278,1440
3281,1440
3281,4515
3284,1440
3284,4515
3287,4515
3287,1440
3293,4515
3293,1440
3296,1440
3296,4515
3299,4515
3305,1440
3305,4515
3311,4515
3311,1440
3317,1440
3317,4515
332,4515
332,1440
3323,1440
3323,4515
3326,4515
3326,1440
3329,1440
3329,4515
3335,4515
3338,4515
3338,1440
3341,1440
3341,4515
3344,4515
3344,1440
3347,1440
335,1440
335,4515
3350,4515
3350,1440
3353,4515
3356,4515
3356,1440
3359,3407
3359,4515
3362,1440
3362,4515
3365,4515
3365,1440
3368,1440
3368,4515
3371,4515
3374,4515
3374,1440
3377,4515
3380,4515
3380,1440
3383,1440
3383,4515
3386,1440
3386,4515
3389,4515
3389,1440
3392,1440
3392,4515
3395,3208
3398,4515
3398,1440
3401,1440
3401,4515
3407,4515
341,1440
341,5369
341,4515
3410,4515
3410,1440
3416,4515
3416,1440
3419,4515
3422,4515
3422,1440
3428,4515
3428,1440
3431,1440
3434,4515
3434,1440
344,4515
344,1440
3440,1440
3440,4515
3443,4515
3443,1440
3446,1440
3446,4515
3446,3986
3449,4515
3452,4515
3452,2957
3455,4515
3461,4515
3461,1440
3464,1440
3467,4515
3467,1336
3467,1440
347,1440
347,4515
3470,1440
3470,4515
3473,4515
3473,1440
3479,3032
3482,1440
3482,4515
3485,4515
3485,1440
3488,1440
3491,1440
3491,4515
3494,4515
3494,1440
35,1440
35,4515
350,4515
350,1440
3503,1440
3503,4515
3506,4515
3509,1440
3509,1134
3509,4515
3512,4515
3518,4515
3518,3709
3518,760
3518,1440
3518,3522
3521,1440
3521,4515
3527,4515
3527,4853
353,1440
353,4515
3530,4515
3530,1440
3533,1440
3533,4515
3536,4515
3536,1440
3539,1440
3539,4515
3542,4515
3542,1440
3545,1440
3545,4515
3551,4515
3551,1440
3554,1440
3554,4515
3557,1440
356,1440
356,4515
3560,1440
3560,4515
3563,4515
3563,1440
3566,4515
3566,5327
3566,1702
3566,1440
3569,1440
3569,4515
3572,1440
3575,4515
3575,1440
3578,1440
3578,4515
3581,4515
3581,1440
3584,4515
3584,1440
3587,573
359,5087
3590,1440
3590,4515
3593,1555
3599,4515
3605,4515
3605,178
3605,1700
3614,4515
3617,4515
3617,5417
362,4515
362,1440
362,613
3620,4515
3626,1440
3626,299
3632,2203
3635,1440
3635,4515
3638,4515
3641,5092
3647,4515
3647,1440
365,1440
3650,1440
3650,4515
3656,1440
3656,4515
3662,1440
3662,4515
3665,5341
3671,4853
3674,1440
3674,4515
3677,4515
3677,1440
368,1440
368,3926
368,4515
3683,4515
3686,4311
3686,4312
3686,4515
3689,4515
3689,1440
3695,4515
3695,1440
3698,1440
3698,4515
3707,1436
3710,4515
3710,1440
3713,1440
3713,4515
3716,1851
3719,4515
3722,4453
3722,4515
3722,1440
3725,1440
3725,4515
3728,4515
3728,1440
3731,1440
3731,4515
3734,4515
3734,1440
3740,4515
3743,4515
3743,1440
3749,4515
3749,1440
3755,1440
3755,4515
3758,4515
3764,1796
3767,4515
3767,1440
377,1440
377,4515
3773,1440
3773,4515
3779,4088
3779,4235
3779,4426
3779,4819
3779,4515
3779,3924
3779,4982
3779,4346
3779,5116
3779,561
3779,2407
3779,1586
3779,1440
3779,1077
3782,2555
3782,1440
3782,4515
3785,4515
3785,1440
3791,4515
3797,1440
3797,4515
38,4515
380,4515
380,1440
3800,4515
3800,1440
3806,4515
3806,1440
3809,1440
3809,4515
3812,4515
3812,1440
3815,4515
3815,487
3815,1440
3827,1440
3827,4515
383,1440
383,3658
383,4515
3830,4515
3830,1440
3836,3914
3836,4515
3836,1440
3839,4515
3842,4515
3842,1440
3842,2374
3848,4515
3848,1440
3851,1440
3851,4515
3854,4184
386,4515
3863,4515
3863,1440
3866,1440
3866,4515
3869,1440
3869,4515
3875,1440
3875,4515
3878,1440
3878,2912
3878,1010
3878,2911
3878,4515
3881,4832
3887,4515
3887,1440
389,1440
389,4515
3893,1440
3893,4515
3899,4515
3902,4515
3902,1440
3902,2833
3905,1440
3905,4515
3908,4515
3908,1440
3914,1440
3914,4515
3917,4515
3917,1440
392,1440
392,4515
3920,1440
3920,4515
3920,4627
3920,4628
3923,4515
3923,4628
3923,4627
3923,1282
3923,1440
3926,4515
3926,1440
3926,2174
3929,1440
3929,4515
3932,4515
3932,5445
3932,1440
3935,4515
3935,1440
3938,3875
3938,4515
3941,4313
3941,4515
3941,1440
3944,4515
3944,701
3944,1440
3947,1440
3947,4515
395,4515
395,1440
3950,1440
3950,4515
3953,1440
3953,4515
3956,1307
3959,34
3959,1440
3959,4515
3971,4515
3971,4381
3971,1440
3974,1440
3974,4515
3977,1440
3977,4515
398,4515
3980,1440
3980,4515
3983,5133
3986,4515
3986,1440
3989,1440
3989,4515
3992,3975
3992,4515
3992,1440
3995,1440
3995,4515
3998,4515
3998,1440
4001,1440
4001,4515
4004,4515
4007,1440
4007,4515
4010,4515
4010,1440
4013,1440
4013,4515
4016,1440
4016,4515
4022,4515
4022,551
4022,1440
4025,1440
4025,4515
4028,4515
4028,269
4028,1440
4031,4515
4031,1440
4037,4515
4037,311
4037,1440
404,4515
404,1440
404,2264
4043,1440
4043,4515
4046,3065
4052,5076
4058,1440
4058,4515
4064,2602
4064,1440
4064,4515
407,1440
407,4515
4070,1440
4070,3047
4070,4515
4073,4515
4073,1440
4076,4515
4076,1440
4079,1440
4079,4515
4082,4515
4091,4515
4097,1440
4097,4515
41,4515
41,1440
410,1440
410,4515
4103,4515
4103,1440
4109,4515
4109,1440
4112,1440
4112,4515
4115,4515
4115,1440
4118,4515
4118,1440
4121,1440
4121,4515
4124,4515
4124,1440
4127,4515
4127,1440
413,1440
413,4515
4130,4515
4130,1440
4133,1440
4133,4515
4136,3130
4139,1440
4139,4515
4145,4515
4145,1440
4148,1440
4148,557
4148,4515
4151,4515
4151,1440
4154,4255
4157,4515
4157,1440
416,1440
416,4515
4160,1440
4160,4515
4163,4515
4166,1440
4166,4515
4172,4515
4175,4515
4175,1440
4181,4515
4181,1440
4184,4515
4187,4515
4187,1440
4190,1440
4190,4515
4193,4515
4196,4515
4196,1440
4199,1440
4199,4515
4202,4515
4202,1440
4205,4515
4208,1440
4211,1440
4211,4515
4214,1440
4223,1440
4223,4515
4232,4515
4232,1440
4238,1440
4238,4515
4241,4515
4244,1440
4244,4515
4247,1440
4247,4515
425,4791
425,4515
425,1440
4256,4515
4256,1440
4259,1440
4259,4515
4262,4515
4262,1440
4265,1440
4265,4515
4271,4515
4271,1440
4277,1440
4277,4515
428,4515
428,3072
4280,4515
4280,1440
4289,4515
4289,1440
4292,1440
4292,4515
4298,4515
4298,1440
4301,1440
4301,4515
4307,4515
4307,1440
431,3929
4310,4515
4310,1440
4316,1440
4316,4515
4322,4515
4322,1440
4328,1440
4328,4515
4331,4515
4331,1440
4337,1440
4337,4515
434,4768
434,4515
434,1440
4340,4515
4343,1440
4343,4515
4346,1440
4346,4515
4349,4515
4349,1440
4352,1440
4352,4515
4355,4515
4358,4515
4361,4515
4361,1440
4367,4515
4367,1440
437,4515
437,1440
4370,4515
4373,4515
4373,1440
4382,1440
4382,4515
4388,4515
4388,1440
4391,1440
4391,4515
4394,4515
4394,1440
44,1440
44,4515
440,1440
440,4515
440,5429
4400,4515
4400,1440
4412,4515
4412,1440
4415,1440
4421,4515
4421,1440
4424,1440
4424,4515
4427,4515
4427,1440
443,1440
4430,4515
4436,4515
4436,1440
4439,1440
4439,4515
4442,4515
4442,1440
4448,4515
4448,1440
4454,1440
4454,4515
4457,4515
4457,1440
4463,4515
4466,4515
4472,4515
4472,1440
4475,4515
4478,1440
4478,4515
4481,4515
4481,1440
4484,1440
4484,4515
4487,1440
4490,4515
4490,2908
4490,1440
4493,1440
4493,4515
4499,4515
4499,1440
4502,4515
4502,1440
4505,1440
4505,4515
4508,4515
4508,1440
4511,4515
4514,4515
4517,4515
452,1440
452,4515
4520,4515
4520,1440
4523,1440
4523,4515
4526,4515
4526,1440
4532,4515
4532,1440
4538,4515
4538,1440
4541,1440
4541,4515
4547,1440
4547,4515
455,4515
455,1440
4556,4515
4562,1440
4562,4515
4571,4515
4571,1440
4574,1380
4577,4515
4577,1440
458,4515
458,1440
4580,1440
4580,4515
4583,4527
4583,4293
4586,1440
4586,4515
4589,4515
4589,1440
4592,1440
4592,4515
4598,656
4604,1440
4604,4515
4607,4515
4607,1440
461,1440
461,4343
461,4515
4616,1440
4616,4515
4619,4515
4625,1440
4625,4515
4631,4515
4637,4515
464,4515
464,1440
4640,1440
4640,4515
4649,4515
4649,1440
4652,1440
4652,4515
4658,4515
4658,1440
4661,1440
4661,4515
4664,4515
4664,1440
4670,4515
4670,1440
4673,1440
4673,4515
4676,1440
4676,4515
4679,4515
4679,1440
4685,4515
4685,1440
4688,4515
4691,4515
4697,1440
4697,4515
47,3910
47,4515
4709,4515
4709,1440
4718,4515
4718,1440
4724,1440
4724,4515
4727,4515
4727,1440
473,1440
4730,1440
4730,4515
4733,1440
4736,4515
4739,4515
4739,1440
4745,4515
4745,1440
4748,1440
4748,4515
4751,4515
4751,1440
476,1440
479,1639
485,4515
485,1440
488,2955
488,1440
488,4515
491,4515
491,1440
494,4515
497,1440
497,4515
5,4515
50,4515
500,1440
503,1440
503,4515
509,4515
509,1440
515,1440
515,4515
518,4515
518,1440
524,1440
527,1440
527,4515
53,4515
530,4515
530,1440
530,820
533,1440
533,4515
536,1440
536,4515
545,1440
551,4515
56,1440
56,4515
560,1440
563,1440
563,4515
566,4515
569,4515
569,1440
575,1440
575,4515
578,4515
578,1440
581,1440
581,4515
584,4515
587,4515
587,425
587,1440
590,1440
590,4515
593,4841
599,4515
602,1440
602,4515
605,4515
605,1440
608,4515
608,2375
608,2376
608,1440
611,4515
614,1440
617,1440
62,4515
623,1440
623,4515
626,1285
632,1440
632,4515
635,4515
641,1440
641,4515
644,4515
644,1440
647,4515
65,4515
65,1440
650,1440
650,4515
653,1440
653,4515
662,1048
662,1440
662,4515
671,1440
674,4520
674,4515
674,1440
677,4515
68,4515
68,2417
68,2416
68,1440
68,2418
680,1440
680,4515
683,1440
683,4515
686,4515
686,2367
692,1440
692,4515
695,4515
695,1440
71,4515
710,4515
710,1440
713,4515
713,1440
716,1440
716,4515
722,4515
722,1440
725,1440
725,4515
731,1440
731,4515
734,4515
734,1849
734,1440
737,1440
737,4515
740,4515
740,1440
740,1445
743,3297
743,1440
743,4515
746,1440
746,4515
749,4515
749,1440
758,1440
758,1235
758,4515
761,4515
761,397
761,1440
764,4515
764,1440
773,4515
773,1440
776,4212
779,4515
779,1440
782,4515
782,1440
785,1440
785,4515
791,4515
791,1440
791,1850
797,4515
797,1440
8,4515
800,4515
800,1440
803,4515
803,1440
809,3929
815,4515
818,1440
818,4515
821,4515
821,1440
824,1440
824,4515
827,1440
827,4515
83,1440
830,1440
830,4515
833,1440
833,4515
836,4515
842,1440
842,4515
845,4515
845,1440
848,1440
848,4515
851,857
851,4871
854,4515
854,1440
857,1440
857,4515
863,1440
863,4515
866,4515
866,703
866,1440
869,1440
872,1440
872,2793
872,4515
875,1440
878,1440
878,4515
884,1440
89,4515
893,1440
896,3057
896,1440
896,820
896,4515
896,4428
899,4515
899,1440
899,1660
905,4515
905,1440
908,1440
908,4515
911,1440
914,4515
917,1348
917,1440
917,4515
92,4515
92,1440
923,4515
926,4965
926,3804
926,4515
926,1440
929,3537
929,4515
932,1726
932,1440
932,4515
935,3845
935,4515
935,4362
935,3865
935,4111
935,4646
935,4035
935,4850
935,4092
935,196
935,1440
938,1440
944,4515
947,4515
95,4515
950,4515
953,4515
953,98
953,1440
956,1440
956,4515
959,1440
959,4856
959,3898
959,4515
962,4515
962,1440
968,4515
968,1440
971,1440
971,4515
974,4515
974,1440
977,4515
98,1440
98,4515
980,4515
980,1440
983,4515
983,5297
983,1440
989,4515
989,3596
989,1440
995,5205
995,4515
995,1059
995,1004
995,1318
995,1440
0,4515
1002,1440
1002,4515
1008,4953
1014,1440
1014,1805
1014,4515
1017,4360
102,1440
1020,4515
1023,253
1023,591
1023,1440
1023,4515
1032,4515
1038,4680
1038,4678
1038,4515
1038,1440
1044,4515
1044,1440
1053,3084
1059,4515
1059,1440
1062,1440
1062,4515
1065,1440
1065,4515
1071,4515
1071,1440
1077,1440
1077,1000
1077,4515
108,4515
108,1440
1080,3622
1080,4515
1080,3883
1086,4515
1092,4515
1092,1440
1095,1440
1095,4515
1101,4515
1101,1440
1104,1440
1104,4515
111,4515
111,1440
1110,1440
1110,4515
1113,4515
1113,1440
1116,4515
1125,1440
1128,3797
1128,4515
1131,4515
114,1440
114,4515
1140,4515
1140,1440
1146,4515
1149,1440
1149,4515
1152,4515
1152,1440
1155,4515
1155,1440
1158,1440
1158,4515
1161,4515
1161,4881
117,4515
1170,1440
1170,2547
1170,2544
1170,2554
1170,2543
1170,2546
1170,2551
1170,2552
1170,2549
1170,2548
1170,2550
1170,2553
1170,2545
1170,4515
1173,2593
1176,1440
1176,4515
1179,1440
1179,4515
1185,4515
1185,1440
1188,1440
1188,4515
1191,4515
1191,1440
1194,4515
1194,1440
12,1440
12,4515
120,4515
120,1440
1200,3627
1203,4515
1203,1440
1206,1440
1206,4515
1215,4515
1218,4515
1218,5282
1218,1440
1221,332
1227,4515
123,299
1230,4515
1230,1440
1230,3129
1233,4163
1233,4211
1233,4188
1233,4515
1233,1440
1233,3548
1236,3589
1239,4515
1239,1440
1245,1584
1245,4515
1245,3803
1245,3771
1251,4515
1254,4850
1254,4092
1254,4515
1254,4712
1254,1440
126,1440
126,4515
1263,4515
1266,4515
1266,1440
1269,1440
1269,4515
1272,1440
1272,4515
1275,4515
1275,1440
1278,1440
1278,4515
1281,1440
1281,4515
1287,4515
1287,1440
129,1440
129,4515
1293,1440
1293,4515
1299,4171
1302,1440
1302,4515
1305,4515
1305,1440
1308,1440
1308,4515
1311,1440
1311,3557
1311,4515
1311,4383
1311,4031
1314,4515
1314,1440
132,1440
1329,4515
1338,4515
1338,1440
1341,1440
1341,4515
1344,1440
1344,4515
1347,4515
1347,1440
135,905
1350,1440
1350,4515
1353,4515
1353,1440
1353,3558
1356,1440
1356,4515
1362,4515
1362,1440
1365,1730
1365,1440
1365,4515
1368,127
1374,1440
1374,4077
1374,4515
1374,3921
1374,4092
1377,1440
1377,4515
1380,1440
1380,4515
1380,4090
1383,1440
1383,4515
1386,4515
1386,1440
1389,1440
1389,4515
1395,1440
1395,4515
1398,4515
1398,1440
1401,1440
1401,4515
1404,1440
1404,4515
1407,4515
1407,1440
141,1440
141,4515
1410,1440
1410,4515
1419,4685
1419,3925
1419,4515
1419,4424
1419,1440
1422,1440
1422,4515
1425,4515
1425,1440
1428,4515
1428,1440
1434,4515
1434,1440
1434,2013
1434,2770
1434,1606
1434,3312
1434,1359
1434,726
1437,4515
144,1440
1440,4515
1440,1440
1443,4515
1449,4515
1458,4515
1458,1440
1461,4515
1461,1440
1464,1440
1464,4515
1467,3084
1470,1440
1470,4515
1476,3557
1476,3541
1476,1440
1476,4406
1476,4031
1476,4383
1476,4515
1482,4515
1485,1440
1485,4515
1488,4515
1488,1440
1497,1440
1497,4515
150,1440
150,4515
1500,1440
1500,4515
1503,4515
1503,1440
1506,4515
1506,5414
1515,4515
1515,1440
1518,1440
1518,4515
1530,4515
1530,1440
1533,1440
1533,4515
1539,4515
1539,1440
1542,1440
1542,4515
1545,1440
1545,4515
1548,4515
1548,1440
1554,4515
1554,1440
1557,1440
1557,4515
156,4515
1560,4386
1560,4515
1560,1440
1563,1440
1563,4515
1566,4515
1566,1440
1569,4515
1569,1440
1575,4515
1575,1440
1581,4515
1581,1440
1584,1440
1584,4515
159,1440
159,4515
1593,2147
1593,1200
1593,2876
1593,2012
1593,1440
1593,1870
1593,72
1593,2338
1593,130
1593,647
1593,3685
1593,4515
1593,5072
1602,1440
1602,4515
1605,2094
1605,4515
1608,4515
1608,219
1608,1440
1611,1440
1611,4515
1614,1004
1614,1318
1614,1059
1614,1440
1614,4515
1617,441
162,4515
1620,1440
1620,4515
1623,4515
1623,1440
1626,4515
1632,1440
1632,4515
1638,4515
1638,4830
1638,4917
1638,3782
1638,1440
1641,4515
1647,4515
1647,1440
1650,1440
1650,3914
1650,4183
1650,4515
1653,4515
1653,647
1653,2338
1653,1870
1653,1440
1656,1440
1656,4515
1659,1440
1659,4515
1668,1440
1668,4221
1668,4515
1671,4515
1671,1440
1671,3573
1680,4515
1680,1440
1680,3565
1683,1440
1683,4515
1683,5047
1686,4515
1686,1440
1689,4077
1689,4344
1689,4515
1689,3555
1689,1440
1692,1440
1692,4850
1692,4092
1692,4515
1701,5344
1704,4515
1704,1194
1704,1440
1707,4515
171,4515
171,1440
1710,4515
1710,3525
1710,3526
1710,1440
1716,589
1722,0
1725,1440
1725,4111
1725,3865
1725,3845
1725,4362
1725,4515
1725,4417
1725,4092
1725,4646
1725,4850
1725,4035
1728,4291
1728,4445
1728,4515
1728,1440
1731,4515
1731,1440
1734,4515
1740,4515
1740,1440
1743,4757
1746,2864
1746,1440
1746,4515
1758,4515
1758,1440
1761,1440
1761,5287
1761,5286
1761,3858
1761,4515
1764,4515
177,4515
177,1440
1770,1440
1770,4515
1782,4515
1785,4515
1785,1440
1785,2704
1788,4515
1788,1440
1791,3803
1791,4515
1791,4458
1794,4515
1794,2213
1794,1440
1797,4515
1797,1440
18,1440
18,4515
180,4515
180,1440
1803,1440
1803,4515
1806,4515
1809,1440
1809,4515
1812,4515
1812,2662
1812,703
1815,4012
1818,1440
1818,4515
1818,4826
1821,1440
1824,1440
1824,4515
1827,1440
1827,4515
1830,4515
1830,1440
1833,1440
1833,4083
1833,4515
1839,4515
1839,1440
1842,1440
1842,4515
1845,4851
1845,4515
1845,1440
1848,4515
1848,1440
1851,1440
1851,4515
1854,4515
1854,1440
1857,4515
186,4515
186,1440
1863,1440
1863,4515
1863,4029
1866,4515
1869,1440
1869,4515
1872,2809
1875,4515
1875,1440
1878,1440
1878,4515
1881,4515
1884,4515
1887,4515
1887,1440
189,1440
189,4515
1893,1440
1893,4515
1896,4515
1896,1440
1899,1440
1899,3559
1899,4515
1902,2610
1902,1440
1902,4515
1905,4515
1905,197
1911,1440
1911,4515
1917,2313
1917,167
1917,1440
1917,4515
192,1440
1920,4515
1920,1440
1923,1440
1923,4515
1926,2643
1926,4515
1929,4515
1929,860
1929,1440
1935,2860
1938,1440
1938,1157
1938,4515
1947,1878
1947,1440
195,4515
195,1440
1950,1440
1950,4515
1953,1440
1953,4515
1965,4515
1965,1440
1968,5079
1968,1440
1971,1440
1971,355
1971,4128
1971,4515
1971,4644
1974,4515
1974,1440
1977,4515
1977,3352
1977,3237
1977,1440
198,4515
1980,4515
1980,1440
1983,4515
1983,1271
1983,1440
1989,4224
1992,4515
1992,1440
1995,1440
1995,4515
1998,1440
2001,4515
2001,1440
2007,1440
2007,4515
2007,4383
201,4515
201,1440
2013,4515
2016,4515
2016,1440
2019,4515
2022,4515
2025,4515
2025,1440
2028,4515
2028,1440
2031,1440
2031,1366
2031,4515
2034,4515
2034,1440
2037,4515
2037,1440
204,1440
204,4515
2040,4515
2040,2038
2043,4515
2043,2255
2043,1440
2046,1440
2046,4515
2046,4912
2049,4515
2049,1440
2052,4515
2052,2676
2052,1440
2055,1440
2055,4515
2058,4515
2058,1440
2064,1440
2064,4515
2067,4340
2067,4515
2067,1440
207,2459
2070,1440
2070,4469
2070,4470
2070,4515
2070,3922
2088,1049
2088,1440
2088,4515
2094,4515
2094,1440
21,3481
210,4515
210,1440
2100,1440
2100,4515
2103,4515
2112,5419
2118,4515
2118,1440
2118,3499
2121,1440
2121,4515
2127,4515
2127,1440
213,3470
213,3471
213,1440
213,4515
2130,4118
2130,4515
2130,1440
2133,4515
2133,1440
2136,1440
2136,4515
2139,4515
2139,1440
2142,4515
2142,1440
2145,1440
2145,820
2145,3057
2145,4515
2145,4428
2154,4515
2154,1440
2157,1440
2157,3517
2157,4515
216,1440
2160,4515
2160,1440
2163,1440
2163,515
2163,4515
2169,4515
2169,1440
2172,4515
2172,1440
2175,1440
2175,4790
2175,4515
2181,4515
2181,1440
2184,1440
2184,4515
2187,4515
219,4515
219,1440
2190,1440
2190,4850
2190,4515
2190,4448
2190,4092
2193,4515
2193,1440
2196,4515
2196,1440
2199,1440
2199,4515
2199,4307
2205,1440
2205,4515
2205,4590
2205,3788
2211,4515
2217,4515
2217,1440
2223,4515
2223,1440
2226,1440
2226,4515
2232,1440
2232,4515
2235,4515
2235,1440
2238,3897
2238,4515
2241,1440
2241,4515
2244,4515
2244,3430
2244,1440
2247,1440
2247,4515
225,1440
225,4515
2253,4376
2256,1440
2256,4515
2265,4515
2265,1440
2265,1591
2268,1440
2268,4515
2271,4515
2271,1440
2274,4515
2274,1440
2277,1440
2277,4515
2280,3089
2283,1440
2283,4515
2286,4515
2286,3761
2286,4423
2286,4667
2286,4600
2286,1440
2292,4515
2292,1440
2295,1440
2295,4647
2295,4515
2298,4515
2298,1440
2301,4515
2301,1440
2304,1440
2304,1359
2304,2013
2304,2770
2304,1606
2304,3312
2304,3444
2304,726
2304,4515
2304,4116
2307,4515
2307,262
2307,1440
231,4515
2310,1440
2310,4515
2313,4515
2313,2990
2316,4515
2316,1440
2319,4515
2322,4515
2322,1440
2325,4515
2325,1440
2328,3228
2331,4515
2331,1440
2334,4515
2334,1440
2337,1016
2337,1015
2337,1440
2337,4515
2337,4415
234,4515
234,1440
2340,3959
2340,4515
2340,165
2340,1440
2343,1440
2343,4515
2346,4515
2346,1440
2346,2294
2349,4515
2349,1440
2355,1440
2358,4515
2367,1440
2367,4515
237,4515
237,1440
2370,4515
2370,1440
2373,1440
2373,1176
2373,4515
2382,4515
2391,1440
2391,4515
2391,3654
2391,4782
2391,4400
2397,4515
2397,1440
24,4515
240,4515
240,1440
2400,4515
2400,1440
2409,1440
2409,4515
2421,4515
2421,1440
2427,4515
2427,1440
2430,4515
2430,1440
2439,4515
2439,1440
2448,1440
2451,1440
2451,4515
2457,4515
2457,1440
2460,4515
2460,1440
2463,4077
2463,4079
2463,4082
2463,4515
2463,1440
2463,1909
2463,2904
2469,4515
2472,4515
2478,4515
2478,1440
2481,1440
2481,4515
2484,4515
2484,1440
249,4515
2490,4515
2490,1440
2493,4515
2496,4515
2496,722
2496,1440
2499,1440
2499,4515
2502,3528
2502,4515
2505,4515
2505,1440
2505,13
2511,4515
2511,1440
2514,4515
252,1440
252,4515
2520,4515
2526,4515
2526,1440
2529,1440
2529,4515
2535,4515
2535,1440
2541,4515
2544,4515
2544,1440
2550,4515
2550,1440
2553,1440
2553,4515
2556,4515
2556,1440
2556,895
2559,4515
2559,1440
2562,1440
2562,4515
2565,4515
2565,1440
2568,4515
2568,1440
2571,1440
2571,1558
2571,4515
2574,4515
2574,1440
2577,4515
2577,1440
258,1440
258,4515
2580,4515
2580,1440
2583,4515
2583,1440
2586,4515
2589,4515
2589,1440
2592,4515
2592,4647
2592,2959
2592,1440
2595,4515
2601,1440
2604,3914
2604,4515
2604,1440
261,1440
261,2669
2610,4515
2610,2094
2613,4515
2616,1440
2622,4515
2622,1440
2625,1440
2625,4515
2631,1440
2631,4515
2634,4515
2634,1440
2637,1440
2637,4515
264,4515
2643,1440
2643,4515
2646,3250
2649,1440
2649,4515
2652,4515
2652,1440
2655,4515
2658,4515
2664,4957
2664,4958
2664,4515
2664,1440
2667,1440
2667,4515
2670,1440
2670,4515
2673,4515
2673,4493
2676,4515
2679,1440
2679,4515
2682,4515
2682,1440
2685,1440
2685,4515
2688,1440
2688,4515
2691,4515
2691,1440
2694,1440
2694,4515
2700,1440
2700,4515
2706,1440
2706,4515
2709,4515
2709,1440
2715,2951
2715,1440
2715,4515
2724,4515
2724,1440
273,4515
2733,1440
2733,4515
2736,4515
2736,1440
2742,1440
2742,4515
2745,4515
2745,1440
2748,1440
2751,1440
2751,4515
2754,4515
2757,4515
2757,1440
276,4515
2766,1440
2766,4515
2769,4515
2769,1440
2772,2990
2772,4515
2775,1440
2775,4515
2778,4515
2778,1440
2784,3672
2784,4515
2784,1440
2787,1440
2787,4515
279,4515
279,3079
279,1440
2790,4515
2790,1440
2793,1440
2793,4515
2799,4515
2799,1440
2805,4515
2805,1440
2808,4515
2808,5058
2808,1440
2814,4515
2814,1440
282,1440
282,4515
2820,4515
2832,1363
2838,1440
2838,4515
2841,4515
2844,1440
2844,4515
2847,1440
2847,4515
2853,4515
2853,1440
2856,1440
2856,4515
2859,4515
2859,1440
2862,4515
2865,4515
2865,5304
2865,1440
2871,1440
2874,2528
2877,4515
2880,1440
2880,4515
2889,4515
2892,4515
2895,4320
2898,4515
2904,4515
2904,1440
2907,1440
2907,4515
291,3286
291,913
291,1440
291,3425
291,4515
2910,4515
2910,1440
2913,1440
2919,5412
2922,1894
2922,1440
2922,4515
2925,1440
2925,4515
2928,4515
2928,1440
2931,4515
2934,1440
2934,4515
2937,4515
2937,1440
294,1440
294,4515
2940,1440
2940,4515
2943,4515
2943,1440
2949,4515
2949,1440
2952,1440
2952,4515
2958,1440
2958,4515
2961,4515
2964,1440
2967,1440
2967,4515
297,4515
297,2775
2970,1440
2970,4515
2973,1440
2973,4515
2976,4515
2982,1440
2982,4515
2985,4515
2985,1440
2991,4515
2991,1440
2994,1440
2994,4515
2997,4515
2997,1440
30,636
30,4515
30,3704
300,4515
3000,1440
3000,4515
3012,1440
3012,4515
3015,4515
3015,1440
3018,1440
3018,4515
3021,1440
3021,2257
3021,4515
303,4515
303,1440
3030,1440
3030,4515
3033,1440
3033,4515
3036,4515
3036,1440
3042,4515
3042,1440
3045,1440
3045,4515
3048,4515
3048,1440
3051,4515
3051,1440
3057,1440
3057,4515
306,4515
306,1440
3060,4515
3063,1440
3063,4515
3066,4515
3066,1440
3069,4515
3072,1440
3072,4515
3078,1440
3078,4515
3081,4515
3087,3149
309,4515
309,1440
3093,1440
3093,4515
3099,1440
3099,4515
3102,1440
3102,4515
3105,4515
3105,1440
3108,3260
3108,1440
3108,4515
3111,4515
3114,4515
3114,1440
3117,1440
3117,5302
3117,4515
312,1440
312,4515
3120,4515
3120,1440
3123,1440
3123,4515
3126,1440
3126,4515
3129,4515
3129,1440
3132,1440
3132,4515
3135,1440
3135,4515
3138,4515
3138,1440
3141,918
3156,4515
3159,4515
3159,1440
3162,1440
3162,4515
3165,4515
3168,4515
3168,1440
3171,1440
3171,4515
3177,1440
3177,4515
318,4515
318,1440
3180,1440
3180,4515
3183,1440
3183,4515
3186,1440
3189,1440
3189,4515
3192,4515
3195,4515
3198,1440
3198,5404
3198,4515
3204,4515
3204,1440
3207,4515
3207,1440
321,1440
321,4515
3210,4515
3210,1440
3216,4515
3216,1440
3219,1440
3219,4515
3222,4515
3222,1440
3225,4515
3225,1440
3228,1440
3228,4515
3231,4515
3231,1440
3234,4515
3234,1440
3237,1440
3237,4515
324,4515
3240,4515
3240,1440
3243,1440
3243,4515
3246,1440
3252,1440
3252,4515
3255,4515
3258,4515
3258,1440
3270,2695
3273,4515
3273,1440
3276,4515
3276,1440
3282,4515
3282,1440
3288,4515
3288,1440
3291,1440
3291,4515
3294,1440
3294,4515
3297,4515
3297,1440
33,4515
330,5338
3300,4515
3303,1440
3303,4515
3306,1440
3306,4515
3309,1440
3315,4515
3315,1440
3324,1440
3324,4515
3327,1440
3330,1440
3330,4515
3333,4515
3333,1440
3336,1440
3336,4515
3339,1440
3339,4515
3342,4515
3342,1440
3345,5189
3348,1440
3348,3659
3348,4515
3351,4515
3351,1440
3354,1440
3354,4515
3357,1440
3357,4515
336,4515
3360,1440
3360,4515
3363,1440
3363,4515
3366,1440
3369,1440
3369,4515
3372,1440
3372,4515
3375,1440
3378,1440
3378,4515
3381,1440
3381,4515
3384,4515
3384,1440
3390,4515
3390,1440
3393,4515
3399,4515
3405,4515
3405,1440
3408,1530
3408,1440
3408,4515
3411,4515
3411,1440
3414,1440
3414,4515
3417,4515
3420,4515
3426,1440
3426,4515
3429,4515
3429,1440
3432,1440
3432,4515
3438,1440
3438,4515
345,4515
345,1440
3450,1440
3450,4515
3453,4515
3453,1440
3456,1440
3456,4515
3462,1440
3462,4515
3465,4515
3465,1440
3471,1440
3471,4515
3477,4515
3477,1440
348,1440
348,4515
3483,1440
3483,4515
3486,4515
3486,1440
3492,1440
3492,4515
3495,4515
3495,1440
3498,1440
3498,4515
3501,1440
3501,4515
3504,4515
3504,1440
351,4515
351,1440
3525,4515
3528,1440
3528,4515
3531,4515
3534,4515
3534,1440
3537,1440
3537,4515
354,4515
354,1440
3540,1440
3546,1440
3546,4515
3549,4515
3549,1440
3555,4515
3555,1440
3558,1440
3558,4515
3561,4515
3564,1440
3564,4515
3567,4515
3567,1440
3570,4515
3573,455
3573,4515
3576,4515
3582,1440
3582,4515
3585,4515
3585,1440
3591,4515
3594,1440
36,4515
36,1440
3603,4515
3603,1440
3603,698
3606,4515
3606,1440
3609,1440
3609,4515
3621,4515
3624,1440
3624,4515
3627,4515
3627,1440
363,1440
3633,4515
3633,1440
3636,2040
3639,4515
3639,1440
3642,4515
3642,1440
3645,4515
3648,4515
3648,1440
3651,4515
3651,1440
366,4515
3660,4515
3660,1440
3666,1440
3666,4515
3669,4515
3669,1440
3672,1440
3672,4515
3681,4515
3681,1440
3684,4871
369,1440
369,4515
3690,1440
3690,4515
3696,4515
3696,1440
3699,1440
3699,4515
3702,4515
3702,1440
3705,4515
3705,1440
3714,1440
3714,4515
372,1440
372,4515
372,4794
3720,4515
3720,1440
3723,4515
3729,4515
3729,1440
3735,4515
3735,1440
3744,4515
3744,1440
3744,630
375,4515
3750,4515
3750,1440
3756,1440
3756,4515
3759,4515
3759,1440
3762,1440
3762,4515
3768,1440
3771,1440
3771,1133
3771,2279
3771,4515
3777,1440
3777,4515
378,4515
378,1440
3780,4515
3780,2336
3783,1440
3783,4515
3786,4515
3792,4515
3792,1440
3795,1440
3795,4515
3801,1440
3801,4515
3804,4515
3804,2681
3807,1440
3807,4515
381,1440
381,4515
3810,346
3816,4515
3819,1440
3822,4515
3822,1440
3825,1440
3825,3508
3825,4515
3828,4515
3828,2066
3831,1440
3831,4515
3834,4515
3834,1440
3837,1440
3837,4515
384,4057
3843,4515
3846,1440
3846,4515
3849,4515
3852,1440
3852,4515
3855,1440
3855,4515
3861,5334
3861,4515
3867,4515
387,4515
3873,3163
3876,4515
3876,1440
3879,4515
3885,4515
3885,1440
3888,4515
3888,1440
3891,1440
3891,4515
3894,4515
3894,1440
3897,1440
390,1440
390,4515
3903,4515
3903,1440
3903,1779
3906,1440
3906,4515
3909,4515
3909,1440
3918,4515
3921,1286
3924,3026
3927,1440
3927,4515
393,4515
3930,1440
3930,4515
3936,4876
3939,4515
3939,1440
3942,4515
3945,4515
3945,1440
3948,1440
3948,2865
3948,4515
3954,4515
3954,4368
3954,1440
3957,1440
396,4553
396,1440
3960,4515
3960,2019
3960,1440
3963,1440
3963,4515
3963,4193
3969,1440
3969,4515
3969,4967
3972,4515
3972,1440
3975,4515
3978,4515
3981,1440
3984,4515
3984,1440
399,1440
399,4515
3990,4515
3990,1440
3993,1440
3993,4515
3999,1440
4005,1440
4005,4515
4011,4515
4011,1440
402,4515
402,1440
402,3492
402,3431
4020,4515
4020,1440
4026,137
4029,4515
4029,1440
4032,2974
4032,4515
4038,1440
4041,1440
4041,4515
4044,4515
4047,4515
4047,1440
405,1440
405,4515
4050,1462
4053,5409
4053,4515
4053,1440
4056,5026
4062,4515
4062,1440
4068,4515
4068,5296
4068,1440
4071,4515
4071,1440
4077,1440
4077,4515
408,4515
408,1440
4080,1731
4080,1440
4080,4515
4083,4515
4083,1440
4086,1440
4086,4515
4089,4515
4089,1440
4095,4515
4095,1440
4101,1440
4101,4515
4107,1440
4107,4515
411,1440
4110,4515
4110,1440
4119,4515
4119,1440
4122,4515
4125,3425
4128,4515
4128,1440
4131,1440
4131,1080
4131,4515
4134,1440
4134,4515
4137,4515
4137,1440
414,1440
414,4515
4140,4515
4155,1440
4155,4515
4158,4515
4158,1440
4161,4515
4161,1440
4164,4515
4167,4515
4167,1440
4173,4515
4173,1440
4185,1440
4185,4515
4188,4515
4188,1440
4191,1440
4194,1440
4194,4515
42,4515
42,1440
4203,4515
4203,1440
4206,4515
4218,1440
4218,4515
4221,4515
4221,1440
4224,1440
4224,4515
423,1440
423,4515
4239,4515
4242,4515
4245,4515
4248,4515
4248,1440
4254,1440
4254,4515
4257,4515
4257,1440
4260,4515
4260,1440
4263,1440
4263,4515
4269,4515
4272,4515
4272,1440
4275,4515
4275,1440
4278,1440
4278,4515
429,4515
429,1440
4293,1440
4293,4515
4299,4515
4302,4515
4302,1440
4305,1440
4305,4515
4314,4515
4314,1440
4317,1440
4317,4515
432,4515
432,1440
4326,4515
4329,4515
4329,1440
4338,4515
4341,4515
4341,1440
4344,4515
4344,1440
4356,4515
4356,1440
4359,1440
4359,4515
4362,4515
4365,1440
4365,4515
4368,4515
4368,1440
4377,1440
4377,4515
438,1440
4380,4515
4380,1440
4383,1440
4383,4515
4386,1440
4386,4515
4389,4515
4389,1440
4395,4515
4395,1440
4404,1440
4404,4515
4407,4515
4407,1440
441,1440
441,4515
441,3650
4410,4515
4425,1440
4425,4515
4431,1440
4431,4515
444,1440
444,4515
4440,4515
4440,1440
4443,4515
4446,4515
4446,1440
4455,4515
4455,1440
4458,1440
4458,4515
4470,1440
4470,4515
4473,4515
4473,1440
4479,4515
4485,4515
4485,1440
4491,1440
4491,4515
4497,4515
4497,1440
450,4515
4503,4515
4503,1440
4506,4515
4506,1440
4518,4515
4518,1440
4521,1440
4521,4515
4527,1440
453,1440
453,4515
4536,4515
4536,1440
4539,1440
4539,4515
4548,4515
4548,1440
4551,1440
4551,4515
456,4515
456,1440
4560,4515
4569,4515
4575,4515
4575,1440
459,1440
4599,1440
4599,4515
4605,4515
4605,1440
4605,2190
4614,4515
4614,1440
4617,1440
4617,4515
462,4515
462,1440
4620,1440
4626,1440
4626,4515
4629,4515
4629,1440
4632,1440
4632,4515
4644,4515
4644,1440
4647,1440
4647,2971
4647,2019
4647,4515
465,4515
465,1440
4650,1440
4650,4515
4659,4515
4659,1440
4662,1440
4662,4515
4665,1440
4665,4515
4668,4515
4668,1440
4674,4515
4674,1440
4677,1440
468,4515
468,1440
4680,1440
4680,4515
4683,1440
4683,4515
4686,4515
4689,4515
4689,1440
4695,4515
4695,1440
4698,4515
4698,1440
4701,1440
4701,4515
4704,4515
4704,1440
4707,4515
4707,1440
471,4871
4716,4515
4716,1440
4719,1440
4719,4515
4722,4515
4722,1440
4728,4515
4734,1440
4734,4515
474,4515
474,1440
4740,4515
4740,1440
4743,1440
4743,4515
4746,1440
4746,4515
4749,4515
4749,1440
4752,1440
4752,4515
477,1440
477,4515
483,4515
483,1440
486,1440
489,4515
489,1440
492,4515
495,4515
498,4515
498,1440
504,4515
504,1440
504,2692
51,4515
51,1440
51,1893
510,4515
516,1440
516,4515
519,4515
519,1440
522,1440
525,1440
525,4515
534,4515
534,1440
537,1440
537,4515
54,4515
54,1440
546,4515
546,1440
549,4515
549,1440
552,1440
552,4515
561,1440
564,1440
564,4515
567,1440
567,4515
570,1440
570,4515
573,1440
573,4515
579,1440
582,433
582,1440
582,4515
585,1147
594,2911
594,1440
594,2912
594,4515
6,4515
6,4345
603,1440
603,4515
609,4515
609,1440
612,1440
615,4515
615,1440
618,1440
621,1440
621,4515
627,4515
627,1440
63,1440
63,4515
630,1440
630,4515
636,4515
636,1440
642,4515
642,1440
645,4515
645,1440
648,1440
648,4515
651,4515
657,1440
657,4515
66,4515
66,1440
660,1440
660,4515
672,4515
675,1440
681,4515
681,1440
684,1440
684,4515
687,1440
687,4515
690,4515
690,1440
693,1440
693,4515
696,4515
696,1440
699,1440
702,4515
705,4182
708,4515
708,1440
711,1440
711,4515
714,4515
714,1440
720,3674
723,4515
723,3506
723,1440
729,4515
729,3842
729,1440
732,4515
732,212
732,1440
735,1440
738,4515
738,1440
741,4515
741,1440
744,1440
744,4515
75,4515
75,1440
750,4515
756,4515
756,1440
756,2955
762,4515
762,1440
765,4515
765,1440
768,1440
768,3660
768,3851
771,4515
771,1440
777,1440
777,4515
78,4515
780,1440
780,4515
783,5034
783,4515
783,1440
786,1423
789,1440
789,4515
792,4515
792,2369
798,4515
801,4515
807,1614
807,4515
810,1440
813,4515
813,1440
816,1440
816,4515
822,4515
822,1440
825,1440
825,4515
828,1440
828,4515
837,1440
843,1440
846,4201
852,1440
852,4515
855,4515
855,1440
858,1440
858,4515
861,1440
861,4515
867,1440
87,1311
873,4515
873,4245
873,1440
879,4515
879,1440
882,4515
882,1440
885,1440
885,4515
888,4515
888,1440
891,4515
891,1440
894,2667
897,1440
9,4515
900,1440
903,4515
906,1440
912,1440
912,982
912,4515
915,4515
915,1440
918,4515
921,1440
921,5073
921,4515
924,4515
924,1440
930,2711
933,4515
936,4515
936,1440
945,4515
948,4515
951,4515
96,4515
96,1440
960,2094
963,4515
975,1440
975,4515
975,4888
981,585
984,4515
984,1440
987,1440
987,4515
99,4515
99,1440
993,3352
993,1440
993,4515
999,4515
999,1440
100,1789
100,1440
100,4515
1006,4515
1006,2837
1006,1440
1009,1440
1009,4515
1012,4515
1012,4446
1015,1440
1015,4515
1018,4515
1018,4043
1018,1440
1024,4515
1024,6
1024,1440
1027,1440
1027,4515
1033,1440
1033,4515
1036,4515
1036,3501
1042,1440
1042,4515
1045,4515
1045,1440
1048,1440
1048,4515
1054,1469
1054,939
1054,4515
1057,4515
1057,1440
1072,1440
1072,4515
1075,4515
1075,1440
1081,1440
1081,4515
1084,4092
1084,4850
1084,4303
1084,4515
1084,1440
1087,4515
1090,1440
1090,4515
1096,1440
1096,4515
1099,3622
1099,3883
1099,4515
1105,4515
1108,1440
1108,4515
1111,4515
1111,4854
1114,4515
1114,2721
1114,1440
1117,1440
1117,4515
112,4515
112,1440
1129,4515
1129,1440
1132,1440
1132,4515
1135,4515
1135,1440
1138,4515
1138,1440
1141,1440
1141,4911
1141,4515
1147,1440
1147,4515
115,2048
1150,1440
1150,4515
1156,1440
1156,4515
1159,4515
1159,1440
1162,1440
1162,4515
1165,1440
1165,4515
1168,4515
1171,4515
1171,1440
1177,5123
1183,1440
1183,4515
1186,4515
1195,4515
1195,2338
1195,1440
1198,1440
1198,4515
1204,4515
1207,5087
121,4515
1210,4515
1210,1440
1213,4515
1213,1440
1216,3622
1216,4515
1216,3883
1219,4515
1219,1440
1222,4515
1222,4277
1222,1440
1228,5107
1231,4515
1231,1440
1234,1440
1234,4515
1237,4515
1237,368
1237,1440
124,1440
1243,4515
1246,4515
1246,1440
1249,647
1249,1440
1249,2338
1249,4515
1249,5072
1252,4157
1252,4515
1252,1440
1258,1440
1258,4515
1264,2812
1264,1440
1264,4515
1267,4515
1267,1440
127,1440
127,4515
1270,1440
1270,4515
1273,4515
1273,1440
1279,4330
1279,4515
1279,2702
1279,1440
1285,4515
1288,4515
1288,1440
1291,4515
1294,1440
1294,4515
1297,4515
1297,1440
13,3929
13,2516
1300,4515
1303,1440
1303,4515
1306,4515
1306,1440
1309,1440
1309,4515
1315,4515
1318,4515
1318,1440
1321,4515
1321,1440
1321,232
1324,1440
1324,4515
1327,4515
1327,1440
133,4515
1330,1440
1330,4515
1333,5429
1333,4515
1333,1440
1342,1440
1342,4515
1345,1004
1345,1318
1345,3587
1345,1059
1345,1440
1345,4515
1348,4515
1348,1440
1351,2990
1351,4515
1354,1440
1354,3541
1354,3557
1354,3516
1354,4711
1354,4031
1354,4674
1354,4587
1354,4406
1354,4383
1354,3656
1354,4515
1357,4515
1357,1440
1360,1440
1360,4515
1363,4515
1363,1440
1366,1440
1366,4515
1369,1440
1369,4515
1375,4560
1375,4764
1375,4515
1375,4047
1375,2840
1375,1440
1381,4515
1381,1440
1387,4515
1387,1440
139,1440
139,4515
1390,1440
1393,4515
1393,1440
1396,1440
1396,4515
1402,1440
1402,4515
1405,4515
1405,1440
1417,762
1417,3962
1417,4515
1417,4850
142,4515
142,1440
1420,4515
1423,1440
1423,4515
1429,4515
1429,1440
1429,2788
1432,5022
1432,4515
1435,4515
1435,1440
1438,4515
1438,1440
1444,4515
1447,4515
1447,1440
145,4515
1453,1440
1453,4515
1456,4515
1456,1440
1459,4515
1462,1440
1462,4515
1465,4515
1468,1440
1468,3914
1468,4515
1471,1440
1471,4515
1474,4515
1474,1567
1474,1321
1474,1440
1474,146
1477,1440
1477,4515
148,1440
148,4515
1483,1729
1486,1440
1486,4515
1489,4515
1489,1440
1495,4515
1495,1440
1501,4515
1501,1440
1501,3547
151,1440
1513,1440
1513,4515
1516,1131
1516,1440
1516,4515
1519,4667
1519,4600
1519,4515
1519,4423
1519,3761
1519,1440
1519,1279
1522,63
1522,1440
1522,4132
1522,4515
1525,1440
1525,4515
1528,4515
1528,1440
1531,4515
1534,1440
1534,4515
1537,4515
1537,1440
1540,1440
1540,5063
1540,4515
1546,4515
1549,4515
1549,1440
1552,4515
1558,1440
1558,3729
1558,4515
1561,4515
1561,1644
1561,1440
1564,4515
1567,1440
1567,4515
157,113
1570,4515
1573,3557
1573,3541
1573,3516
1573,1440
1573,4587
1573,4406
1573,4031
1573,4674
1573,4515
1573,4711
1573,4383
1573,3656
1576,4515
1579,1328
1585,4059
1585,4515
1585,1440
1588,1440
1588,4515
1594,4515
16,1440
16,4515
160,1440
1600,3622
1600,4515
1600,3982
1600,3883
1603,1440
1603,4515
1606,4515
1606,1440
1609,2338
1609,647
1609,1200
1609,2147
1609,72
1609,2448
1609,1870
1609,1440
1609,2012
1609,130
1609,5072
1609,4515
1612,1440
1612,4515
1612,3874
1618,4122
1618,4915
1618,4515
1618,1440
1621,1440
1621,3557
1621,3541
1621,4515
1621,4031
1621,4406
1621,3976
1621,3656
1621,4383
1624,4515
1627,4515
1627,1440
163,1440
163,4515
1630,4733
1630,4515
1630,1440
1633,4515
1633,1440
1636,1440
1636,4515
1648,4515
1651,4515
1651,1440
1654,4515
1654,1440
166,4515
1660,1440
1660,4515
1663,4515
1663,1440
1666,1440
1666,4515
1669,1440
1669,4515
1672,4959
1672,4694
1672,4515
1672,4228
1672,4112
1672,31
1672,76
1672,41
1672,1440
1675,1749
1678,4515
1678,1318
1678,1059
1678,2946
1678,1004
1678,1440
1681,1440
1681,4515
1687,4515
1687,1440
169,1440
169,4515
1690,4515
1690,4132
1690,786
1690,1440
1693,4515
1693,1440
1696,1440
1696,4515
1699,4515
1699,4423
1699,4600
1699,4667
1699,3761
1699,1440
1702,985
1708,3622
1708,3883
1708,4515
1714,864
172,2123
1720,4515
1720,4996
1723,4515
1723,1440
1729,4127
1732,1440
1732,4515
1735,4515
1735,1440
1738,4814
1738,4515
1738,1440
1741,2238
1744,4515
1744,1440
175,1440
175,4515
1753,4515
1753,1440
1756,4515
1759,4433
1762,1440
1765,1440
1765,4515
1768,4515
1771,1440
1771,3634
1771,4515
1774,4515
1774,1440
1774,719
1777,1440
1777,4515
1780,4515
1780,4985
1780,1440
1783,4515
1783,1440
1792,1318
1792,1059
1792,1440
1792,1004
1792,567
1792,4515
1792,5205
1795,3289
1798,1440
1798,4515
1801,1440
1801,2820
1801,4515
1807,4515
1807,1440
181,4515
1810,4515
1810,1440
1813,4515
1813,1440
1813,605
1816,1823
1816,1440
1816,4515
1822,4515
1822,1440
1825,4515
1828,4515
1828,1440
1831,4623
1831,4515
1831,3956
1831,1440
1834,1440
1834,4515
1837,4383
1837,4031
1837,3656
1837,4711
1837,4674
1837,4587
1837,4406
1837,4515
1837,3516
1837,3541
1837,3557
1837,1440
184,4515
1840,4515
1840,1440
1843,4515
1846,1440
1846,4515
1849,5317
1852,1440
1852,4515
1858,4515
1861,945
1861,1440
1861,4515
1864,1440
1864,4515
187,4515
1873,4515
1873,1440
1876,2604
1876,1440
1876,4515
1879,1440
1879,4515
1885,1440
1885,4515
1888,490
1888,3312
1888,2013
1888,2770
1888,1606
1888,1359
1888,726
1888,1440
1888,4515
1891,4515
1891,1440
1894,215
1894,1440
1894,4515
1897,63
1897,1440
1897,4515
1897,4383
19,4515
19,1440
1900,4515
1900,5268
1903,4515
1903,3290
1903,1440
1912,1440
1912,4515
1912,4867
1915,4515
1915,1440
1921,1440
1921,4515
1927,1440
1927,4515
193,1440
193,4515
1930,4515
1930,1440
1933,4515
1942,1440
1942,4493
1942,4515
1945,1440
1945,4515
1951,1440
1951,4515
1954,1440
1954,4515
196,4515
196,1440
1960,1440
1960,4515
1963,4515
1963,1440
1963,3393
1966,4515
1966,1440
1969,680
1969,1440
1969,4515
1972,1440
1975,4515
1978,4515
1978,3731
1978,2702
1978,1440
1981,1440
1981,4515
1984,1440
1984,4515
1987,4515
1987,1440
1987,775
199,4871
1990,1440
1990,4048
1990,4515
1993,4515
1993,4525
1993,1440
1999,1440
1999,4515
1999,4043
2002,4515
2005,3720
2008,1440
2008,4771
2008,4515
2011,4515
2014,4515
2017,4515
2017,1440
202,1232
2020,1440
2020,5038
2020,4515
2023,4515
2023,1440
2023,3612
2026,4515
2026,1440
2029,1440
2029,4515
2035,1440
2035,804
2035,4724
2035,4515
2038,4515
2038,1440
2041,1440
2041,4515
2044,1440
2044,2220
2044,4515
2047,2658
205,189
205,1440
205,3371
205,4515
2050,1440
2050,4515
2056,4515
2062,4515
2062,1440
2062,136
2071,4515
2071,3634
2074,4515
2074,1440
2077,1440
2077,4515
208,4515
208,1440
2083,836
2086,1440
2086,4515
2089,4515
2089,1440
2089,593
2095,4515
2098,4515
2101,4515
2101,1440
2104,1440
2104,4515
2107,4515
2107,2990
211,4515
211,1440
2110,1440
2113,3661
2113,4515
2113,1440
2116,4515
2116,1440
2119,55
2119,1440
2119,4515
2125,1841
2125,1440
2125,4515
2128,4515
2128,1440
2131,1440
2131,2039
2131,4515
2134,1440
2134,4515
2137,3521
214,1440
214,4515
2140,1440
2140,4480
2140,4515
2143,4515
2143,1440
2149,4515
2149,1440
2155,4515
2158,4515
2161,4515
2161,1440
2161,1379
2164,1440
2164,4515
2164,3765
2167,1440
2167,3409
2167,4515
217,4515
217,1440
2173,1440
2173,4262
2173,4515
2173,4518
2179,1440
2179,4515
2182,1440
2182,4515
2182,4469
2182,4455
2185,4515
2185,1440
2188,1440
2188,4515
2194,4515
2194,3988
2194,1440
2197,4515
2197,1440
2203,1440
2203,4515
2203,4863
2212,2466
2212,786
2212,1241
2212,1440
2212,1326
2212,4515
2215,4515
2215,1440
2221,1440
2221,4515
2224,4515
2224,1440
2227,1947
2227,1946
223,1440
223,5269
2230,4515
2230,1440
2230,2844
2233,1440
2233,4515
2236,1440
2236,4515
2239,4515
2239,1440
2242,1440
2242,4515
2248,1440
2248,4515
2251,4515
2251,1440
2254,1440
2254,4515
2257,1722
2257,1440
2257,4515
226,3903
226,4515
226,1440
2260,3557
2260,3516
2260,1440
2260,3541
2260,4383
2260,4587
2260,4711
2260,4031
2260,4674
2260,4515
2260,4406
2260,3656
2260,4802
2263,1440
2263,4515
2266,4515
2266,1440
2269,1440
2269,5403
2269,4515
2272,1440
2272,4515
2275,4515
2275,1440
2278,1440
2278,4515
2281,1440
2281,4515
2281,5081
2284,5437
2284,4515
2284,1440
2287,1440
2287,4515
229,1440
229,4515
229,5168
2290,0
2290,445
2293,1440
2293,4515
2296,1440
2296,4515
2299,4515
2299,1440
2302,1440
2302,4515
2308,4515
2308,1440
2314,2425
2314,3409
2314,1440
2314,4515
2317,4515
232,4515
232,1440
2323,4796
2323,3758
2323,4490
2323,4297
2323,4714
2323,3923
2323,3914
2323,4183
2323,4474
2323,4515
2323,4644
2323,4954
2323,3597
2323,1440
2329,1440
2329,4515
2338,4515
2338,1440
2341,4515
2341,1440
2341,2540
235,1440
235,4515
2350,4515
2350,1440
2356,1440
2356,4515
2359,4515
2359,1440
2362,1440
2362,4515
2365,1440
2365,4164
2365,4092
2365,4850
2365,4646
2365,4515
2365,4490
2368,4515
2368,1440
2371,1440
2371,4815
2371,4515
2383,4515
2383,1440
2395,4515
2398,4515
2401,4515
2407,4515
241,4515
241,1738
241,1440
2410,4515
2413,1440
2413,4515
2422,4515
2425,4515
2425,1049
2425,1440
2425,851
2431,1440
2431,4515
2434,4515
2437,4515
2437,1440
2440,4515
2446,4515
2449,4515
2449,1440
2452,4515
2452,1440
2455,4515
2458,4515
2461,1440
2467,4515
247,4515
247,1440
2470,4515
2470,1440
2476,4515
2479,4515
2479,1440
2482,1440
2482,4515
2494,2321
2497,1440
2497,4515
250,4515
250,1440
2500,2013
2500,2770
2500,1440
2500,1962
2500,1606
2500,1092
2500,1359
2500,726
2500,3312
2500,4515
2503,1440
2503,4515
2506,4515
2506,1440
2512,4515
2512,1440
2515,1440
2515,4515
2521,1440
2521,4515
2527,4515
2527,1440
253,1440
253,4515
2533,1440
2533,4515
2536,4515
2536,1440
2545,4515
2545,1440
2548,4515
2551,4515
2554,4515
2554,34
2557,4515
2557,1440
2566,1440
2566,4515
2569,4515
2569,1440
2569,1407
2572,4515
2572,1440
2575,1440
2575,4515
2578,4515
2581,1440
2581,4515
259,1440
259,4515
2590,4456
2593,4515
2593,3883
2593,3622
2596,1440
2596,4515
2602,4515
2602,1440
2605,1439
2605,1440
2605,4515
2611,1440
2611,4515
2617,4515
2617,1440
262,1440
262,4286
262,4515
2620,4515
2620,2443
2620,1440
2623,4515
2629,4515
2629,1440
2632,4515
2632,4658
2632,1440
2632,3235
2638,1440
2638,4515
2641,4515
2644,4515
2644,1440
2644,1108
2650,4515
2653,4515
2653,1440
2656,4515
2662,4515
2662,1440
2665,1440
2665,4515
2668,1440
2668,4515
2668,4378
2677,4515
2677,1440
268,1440
268,4515
2683,1440
2683,4515
2686,4515
2686,1440
2689,1440
2689,4515
2692,1440
2692,4515
2698,4515
2698,1440
2701,4515
2704,4515
2707,1440
2707,4515
271,1440
2710,4515
2713,1440
2713,4515
2722,4515
2728,1440
2728,4515
2737,1440
2737,4515
274,4515
274,1440
2743,4515
2743,1440
2746,1440
2746,4515
2749,1440
2749,4515
2752,4515
2752,1440
2764,4515
2764,1440
2767,1440
2767,4515
277,4515
277,484
277,1440
2773,4515
2779,4515
2782,4515
2782,1440
2785,4515
2791,4515
2797,4515
2797,4944
2797,1440
28,4515
280,4515
280,1440
2803,4515
2803,1440
2806,4515
2809,4515
2809,1440
2815,4515
2815,1440
2818,1440
2818,4515
2821,1440
2821,4515
2824,4515
2824,1440
2827,1440
2827,4515
283,1440
283,4515
2830,4515
2830,1440
2833,1440
2833,4515
2839,1440
2839,4515
2842,4515
2845,4515
2848,1440
2851,1440
2851,4515
2854,1440
2854,4515
2857,4515
2857,1440
286,1440
286,4515
2860,1651
2863,4515
2863,1440
2866,3622
2866,4294
2866,3883
2866,4515
2869,4515
2872,4515
2872,1440
2875,1440
2878,1440
2878,4515
2881,4515
2881,1440
2884,4515
2884,5162
2887,4515
2887,1440
289,1440
289,4515
289,4070
2890,1440
2890,4515
2893,4515
2893,1440
2899,18
2902,4515
2902,1440
2905,1440
2905,4515
2914,4515
2914,4871
2914,1440
2917,2175
2917,1440
2920,1440
2920,4515
2926,4515
2926,1440
2929,1440
2929,4515
2932,3003
2935,4515
2935,1440
2938,1440
2938,4515
2941,4515
2944,4515
2947,4515
2947,1440
2950,4515
2953,4515
2953,1440
2956,1440
2956,4515
2959,1440
2959,4515
2962,4515
2962,1440
2965,1440
2965,4515
2974,1440
2974,4515
2974,5239
2977,4515
2977,1440
298,4515
2980,4515
2983,4515
2983,1440
2986,4515
2986,1440
2992,4515
2992,1440
2995,4515
2995,1440
2998,133
3001,4515
3001,1440
3004,5417
3004,4515
3007,1440
3007,4515
3019,1440
3019,4515
3025,4515
3025,1440
3028,1440
3028,4515
3037,4515
3037,1440
3040,4515
3040,1440
3043,1440
3043,4515
3046,1440
3046,4515
3049,4515
3049,1440
3055,1440
3055,4515
3058,4515
3058,1440
3061,1440
3061,4515
3067,4515
3067,1440
307,1440
307,2372
307,4515
3070,1440
3070,4515
3076,1440
3076,4515
3079,1531
3079,1440
3082,4515
3085,1440
3085,3332
3085,4515
3088,1440
3088,4515
3094,4515
3094,1440
3097,1440
3097,4515
31,858
310,1440
3100,1440
3100,4515
3103,4515
3103,1440
3106,4515
3106,1440
3109,1440
3109,4515
3115,1440
3115,4515
3118,4515
3118,1440
3124,4515
3127,1440
313,1440
313,4515
3130,1440
3130,4515
3133,4515
3133,1440
3136,1440
3136,4515
3139,1440
3139,4515
3142,4515
3142,1440
3145,1440
3145,4515
3148,1440
3148,4515
3151,4515
3154,1440
3154,4515
3157,1440
3157,4515
316,4515
316,1440
3163,4515
3163,1440
3166,1440
3166,4515
3169,4515
3169,1440
3172,4515
3172,1440
3175,2175
3178,4515
3178,1440
3181,4515
3181,1440
3184,1440
3184,1160
3184,4515
3184,5186
3187,4515
3187,1440
319,1440
3190,1440
3190,4515
3193,4515
3193,1440
3208,1440
3208,4515
3211,4515
3211,1440
3217,1440
3217,4515
322,4515
322,1440
3220,4515
3223,1440
3223,4515
3229,1440
3229,4515
3232,2657
3235,4515
3238,4515
3238,1440
3241,4515
3241,1440
3244,1440
3244,4515
3247,4515
3247,1440
325,4871
3250,1440
3250,4515
3250,5416
3256,4515
3256,1440
3259,1885
3262,4515
3265,4515
3277,1440
3277,4515
328,4515
328,1440
3280,4515
3283,4515
3286,4515
3289,1440
3289,4515
3292,4515
3292,1440
3295,1440
3295,4515
3295,5099
3301,1440
3301,4515
3307,5096
3307,2216
3307,1440
3310,4515
3310,1440
3319,1440
3319,4515
3322,4515
3322,1440
3328,4515
3328,1440
3331,1440
3331,4515
3334,4515
3334,1440
3337,4515
3337,1440
334,1440
334,4515
3343,4515
3343,1440
3346,1440
3346,4515
3349,2456
3349,1440
3352,4515
3352,1440
3355,1440
3355,4515
3358,4515
3361,4515
3361,1440
3364,1440
3364,4515
3367,4515
3367,1440
337,4515
337,1440
3376,1440
3376,4515
3379,4515
3379,1440
3382,1440
3385,4515
3385,1440
3388,1819
3391,4515
3391,1440
3397,1440
3397,4515
34,4515
34,1440
340,4515
340,1440
3400,1440
3400,4515
3403,4515
3406,1440
3406,4515
3409,4515
3409,1440
3412,1440
3412,2086
3412,4515
3415,1440
3415,4515
3415,3818
3421,4515
3421,1440
343,1440
343,4515
3430,4515
3430,1440
3436,4515
3439,4515
3439,1440
3442,1440
3442,4515
3445,4515
3445,1440
3451,4515
3451,1440
3454,4515
3457,4515
3457,1440
3460,4515
3466,1440
3466,4515
3469,4515
3469,1440
3472,1440
3472,4515
3475,4515
3478,5438
3484,1440
3484,4515
3487,4515
3487,1440
349,4515
349,1440
3490,1440
3490,4515
3493,4515
3493,1440
3499,4515
3502,4515
3502,1440
3505,1440
3505,4515
3508,1440
3511,4515
3514,4515
3514,1440
3517,1440
3517,4515
352,598
3520,4515
3520,1440
3523,2241
3523,4323
3523,4515
3526,1440
3529,4515
3532,1440
3532,4515
3535,1440
3535,4515
3544,1440
3544,4515
3544,3902
355,1440
3550,4515
3550,1440
3553,4515
3553,1440
3556,1440
3556,3353
3556,4515
3559,4515
3559,1440
3562,4515
3562,1440
3562,3634
3568,1440
3568,4515
3571,4557
3571,4882
3571,4515
3571,4371
3571,1275
3574,1440
3574,4515
3577,1440
3577,4515
358,1440
3580,1440
3580,4515
3580,4217
3583,4515
3583,1440
3586,1754
3589,4515
3589,1440
3592,2094
3592,4515
3595,2941
3598,1355
3601,142
3607,1440
3607,4515
361,4515
361,1440
3616,1440
3616,4515
3619,1412
3625,1440
3625,4515
3628,4515
364,1440
364,4515
3643,4515
3643,1440
3649,4515
3649,1440
3652,4515
3661,4515
3661,1440
3664,2764
3664,4515
3667,5300
367,4515
367,1440
3670,4515
3670,1440
3673,1440
3673,4515
3676,1440
3676,4515
3679,4515
3679,1440
3682,2638
3682,1440
3682,4515
3685,1440
3685,4515
3694,1440
3694,4515
3694,5442
37,4871
3700,4515
3700,1440
3712,4515
3712,1440
3715,4515
3715,1440
3715,3249
3718,3999
3721,4515
3721,1440
3724,4515
3724,1440
3727,1440
3727,4515
3730,1440
3730,4515
3733,4515
3745,4515
3748,4515
3748,1440
3751,4515
3751,1440
3757,2339
376,5114
376,4515
376,1440
3769,4515
3769,1440
3775,1440
3775,4515
3778,4515
3781,1440
3781,4515
3784,4515
3784,1440
3793,662
3793,1440
3793,4515
3805,4515
3811,4515
3811,1440
3814,1440
3814,4515
3817,4515
3817,1338
3817,1440
382,3840
382,1440
3820,1440
3820,4515
3826,1440
3826,4515
3829,4515
3829,1440
3832,3285
3838,4515
3838,1440
3841,1440
3841,4515
3844,1673
3847,1440
3847,4515
385,2518
3850,4515
3850,1440
3853,2672
3853,2671
3853,1440
3853,4242
3853,4515
3856,1440
3856,4515
3859,4515
3859,887
3859,1440
3865,4515
3868,4515
3868,1440
3871,1440
3871,4515
3874,1440
3874,4515
388,4515
3880,1327
3880,4515
3883,4515
3886,4515
3886,1440
3889,1440
3889,4515
3892,4515
3895,4515
3898,4515
3901,4515
3907,4515
391,4515
391,1440
3913,1440
3913,4515
3916,1440
3916,4515
3919,4515
3922,1440
3922,4515
3925,1440
3925,4515
3928,4515
3928,1440
3931,1440
3931,4515
394,1440
3940,4515
3943,4515
3943,1440
3952,708
3955,1440
3955,4515
3961,4515
3961,3463
3961,1440
3964,1440
3967,4515
3967,1440
397,1440
397,4515
3970,1440
3970,4515
3976,4515
3979,1440
3979,4515
3982,4515
3985,1440
3985,4515
3994,1440
3994,4515
3997,4515
3997,1440
4,4515
4,1440
40,1440
40,4515
400,1440
400,4515
400,5202
4000,4515
4000,1440
4003,1440
4006,1440
4006,4515
4012,4515
4012,1440
4015,1440
4018,2968
4021,4515
4021,1440
4024,4515
4033,4971
4039,4515
4042,1440
4042,4515
4045,1440
4045,4515
4048,4515
4048,1440
4054,1440
4054,4515
406,1440
406,4607
406,4515
4060,4515
4060,1440
4063,1741
4066,1440
4066,4515
4069,4515
4069,1440
4078,4515
4078,1440
4081,1440
4081,4515
4087,1440
409,4515
409,1440
409,1078
4090,1440
4093,4515
4093,1440
4099,1440
4099,4515
4102,4515
4102,1440
4105,4515
4108,4691
4108,4515
4111,1440
4111,4515
4114,4515
4117,1440
4117,4515
412,4110
412,4515
4120,4515
4120,3202
4120,1440
4129,1440
4129,4515
4132,4515
4132,1440
4138,1440
4138,4515
4141,1440
4141,4515
4144,4515
4144,1440
415,1440
4150,1440
4150,4515
4150,4114
4153,4137
4153,4515
4153,1981
4153,1440
4156,1440
4156,4515
4159,4515
4159,1440
4168,4515
4168,1440
4174,1440
4174,4515
418,1440
418,4515
4180,4515
4183,4515
4183,1440
4186,4515
4189,1440
4189,4515
4198,1440
4198,4515
4204,1440
4204,4515
4207,4515
4207,1440
4210,1440
4210,4515
4219,1440
4222,4515
4222,1440
4231,4515
4231,1440
424,1254
4243,4515
4246,1440
4249,4174
4249,4515
4255,4515
4255,1440
4258,1440
4258,4515
4267,4515
427,4515
427,1440
4273,4515
4273,1440
4276,1440
4276,4515
4279,4515
4279,1440
4282,4515
4282,1440
4285,1440
4285,4515
4294,4515
4294,1440
4297,1440
4297,4515
43,1440
43,4515
4300,1440
4300,4515
4303,4515
4303,1440
4309,4515
4315,4515
4315,1440
4318,1440
4318,4515
4321,4515
4321,1440
4327,4515
4327,1440
433,1440
433,4515
4330,4515
4330,1440
4333,4515
4339,4515
4345,1440
4345,4515
4354,1440
4354,4515
4357,1440
436,1440
436,4515
4360,1440
4360,4515
4369,4515
4369,1440
4372,4515
4378,4515
4381,4515
4384,4515
4384,1440
4387,1440
4387,4515
4390,1440
4390,4515
4396,1440
4396,4515
4402,4515
4402,1440
4405,4515
4411,4515
4417,1440
4417,4515
4423,4515
4423,1440
4426,1440
4426,4515
4432,4515
4432,1440
4435,4515
4444,4515
4444,1440
445,4515
445,1440
4453,4515
4453,1440
4465,1440
4465,4515
4468,4515
4468,1440
4474,4515
4477,4515
4477,1440
448,4515
448,1440
448,2418
448,2417
448,2416
4483,1440
4483,4515
4486,4515
4492,4515
4492,1440
4495,1440
4495,4515
4498,4515
4498,1440
4504,1440
4504,4515
4507,4515
4507,1440
4513,4515
4513,1440
4516,1440
4516,4515
4519,4515
4519,1440
4525,1440
4525,4515
4528,4515
4528,1440
4531,4515
4531,1440
4537,1440
4537,4515
454,4515
454,1440
4540,4515
4546,4515
4549,1440
4549,4515
4558,1440
4558,4515
4561,4515
4561,1440
4564,1440
4564,4515
457,1440
4570,1440
4570,4515
4576,1440
4576,4515
4588,4515
4591,4515
4591,1440
4597,4515
460,1440
460,4515
4600,1440
4609,4515
4609,1440
4615,1440
4615,4515
4618,4515
4618,1440
4627,4515
4627,1440
4630,4515
4630,1440
4633,1440
4633,4515
4642,4515
4642,1440
4648,1440
4648,4515
4651,4515
4651,1440
466,4515
4660,4515
4660,1440
4669,1440
4669,4515
4672,4515
4672,1440
4675,4515
4675,1440
4678,4515
4681,4515
4681,1440
4690,4515
4693,4515
4693,1440
4702,1440
4702,4515
4705,4515
4705,1440
4711,4515
4711,1440
4714,1440
4714,4515
472,1440
472,4515
4720,4515
4720,1440
4726,1440
4726,4515
4729,4515
4729,1440
4741,4515
475,1440
478,3851
478,4515
478,2516
478,1440
481,1440
481,4515
487,4515
487,1440
499,3510
499,4515
502,5464
505,4515
511,4515
514,4515
514,1440
517,4515
517,1440
52,1440
52,4515
520,4515
523,4515
523,1440
526,1440
526,4515
529,4515
529,1440
532,4515
532,1440
535,4515
538,4515
538,1440
544,4515
547,4515
547,1440
550,1440
550,2375
550,4515
556,1440
556,4515
559,4515
562,4593
562,4606
565,4515
577,4515
583,2107
586,4515
586,1440
592,4515
592,4101
592,1440
598,1440
601,1440
601,4515
604,1440
607,4515
607,1440
61,1440
61,4515
610,4515
610,1440
610,1129
613,4515
613,1440
619,4515
619,1440
622,4515
622,1440
625,1440
625,4515
628,4515
631,3160
634,1440
634,4620
637,4515
637,1440
637,1903
64,1414
646,4515
646,1440
649,1440
649,4287
649,4515
652,935
655,4515
658,1440
664,1440
664,4515
67,1440
67,4515
670,4515
673,4515
673,1440
676,1440
676,4515
685,4515
685,495
685,1440
691,4515
691,1440
700,4515
700,1440
706,4515
709,4515
709,1440
712,1440
718,1440
721,1440
721,4515
721,5342
73,4515
73,2911
73,2912
73,1440
730,1440
730,4515
730,4608
733,4515
733,1440
736,1020
739,1440
739,4515
742,4515
742,1440
745,1440
748,3779
751,1440
754,4515
757,885
757,1440
757,4515
76,4515
76,1440
760,1440
766,1440
766,2409
766,2428
766,4515
766,4473
766,4477
772,1440
772,4515
778,4515
778,1440
781,4515
784,1440
784,4515
79,1440
79,4515
790,4515
790,1440
793,1440
793,4515
799,4515
799,1440
805,4515
808,578
811,4515
811,1440
814,1440
814,4515
817,4515
820,1440
820,4515
826,4515
829,1440
829,4515
832,1440
838,1440
838,4515
841,4515
841,1440
844,4515
844,1440
847,1440
847,4515
85,3973
85,4515
85,1440
853,4515
853,1440
862,1440
862,4515
868,4458
868,1048
871,1440
871,4515
874,4515
877,1440
877,2731
88,4515
88,1440
880,1440
889,1440
892,1440
892,4515
898,1440
898,4515
907,1440
907,4515
910,5425
910,17
910,2157
913,4515
916,4515
922,4515
928,4515
931,1440
931,3530
931,4092
931,4850
931,4515
94,2773
94,2772
949,1440
949,4515
961,4515
961,1440
964,4515
964,1440
967,1440
967,4515
973,4515
973,1440
976,1440
976,4515
979,1201
985,4515
988,4515
991,4515
3160,4737
4032,2974
4724,4700
685,495
100,2727
0,975
100,1340
100,2742
100,2876
100,1079
1,1935
100,3055
100,2837
100,2905
100,1221
100,2183
100,2448
100,2140
1,1400
100,1459
100,1882
100,1879
100,141
100,1660
2057,605
1331,1085
2031,1366
1573,3820
1813,3343
1493,1716
1832,2474
1366,4386
1682,4974
1992,4417
1211,1085
205,3371
2043,2255
2000,870
1014,1805
1412,3817
1241,4535
2042,2804
1108,1000
1835,4736
3562,3634
2207,4903
2051,4642
176,2418
2585,2351
2304,3444
1406,3408
3479,3032
3903,1779
1354,3820
2005,3720
1173,2593
2447,4936
3921,1286
4053,5409
3523,4323
2592,4647
1946,3996
1710,4758
1186,94
2327,5205
1506,1495
2232,4776
1301,2462
213,3471
1553,1007
1307,5023
1858,1027
1831,3081
1547,2943
1561,4085
1702,4832
1899,3559
1553,652
1689,3815
1938,1157
1917,2435
1553,3389
2197,1787
1004,4730
1226,4031
1708,4774
1529,1295
1709,10
1152,4685
1038,3183
1037,3803
1519,3557
1389,4712
1419,4141
1638,4288
1529,4862
1226,3557
1421,3541
1529,3861
1226,3541
1034,5353
1496,3861
1103,3557
1080,4774
1172,4731
1027,658
1584,4386
1374,3815
2173,4518
176,2417
1769,3580
1801,2820
1176,4708
1664,4850
448,2416
1965,4659
1668,4798
1610,617
594,2912
2205,3788
1387,6
1678,4163
1651,4386
2107,711
1766,5007
2225,1490
4647,2019
4078,2186
3857,4953
1161,4959
3771,2279
593,4841
2868,1899
3699,1136
1793,4166
1481,4711
1689,4077
2237,2749
297,2459
3920,4628
2567,5280
2061,3934
3828,3497
1375,2840
167,591
3340,2074
167,3581
1799,4911
1065,1095
1028,4854
2237,5394
1111,4957
846,4202
2288,5247
2304,502
1617,868
1056,2831
2175,1379
2237,232
1762,5374
167,5172
2840,2859
1228,101
1056,3477
608,2375
1147,3628
2314,2425
1778,444
580,4179
1200,5273
1154,3028
1082,3597
1985,1708
1375,4047
94,2773
2630,722
1609,2448
4154,4255
2314,3409
3923,4627
1942,4493
3117,5302
2238,3897
3853,2671
1939,1572
2040,2038
1746,2864
931,4092
3757,2339
550,2375
382,3840
2248,1705
3804,2681
1037,4467
1246,4812
1064,3685
1105,2508
1741,2238
1791,4458
1939,1571
921,5073
1977,3237
1792,5205
1638,3782
