id1,id2,matching_probability
100,1789,1.0
1006,2837,1.0
1007,1260,1.0
1008,4953,1.0
1012,4446,1.0
1014,1805,1.0
1018,4043,1.0
1019,1845,1.0
1024,6,1.0
1028,4957,1.0
1036,3501,1.0
1037,4467,1.0
1038,4678,1.0
1046,2816,1.0
1077,1000,1.0
1084,4303,1.0
1097,4906,1.0
1106,5368,1.0
1109,3803,1.0
1111,4854,1.0
1114,2721,1.0
1128,3797,1.0
1136,5023,1.0
1139,4675,1.0
1148,4488,1.0
1151,58,0.9
1161,4881,1.0
1170,2547,1.0
1173,2593,1.0
1177,5123,0.6
1195,2338,1.0
1199,3713,1.0
1200,3627,1.0
1205,4525,1.0
1207,5087,0.8
1218,5282,1.0
1220,4266,1.0
1228,5107,1.0
1230,3129,0.8
1233,4188,1.0
1237,368,1.0
1245,3771,1.0
1249,5072,1.0
125,2173,1.0
1252,4157,1.0
1264,2812,1.0
1299,4171,1.0
1313,5360,1.0
1316,2589,1.0
1321,232,1.0
1337,4589,0.9
135,905,1.0
1353,3558,1.0
1365,1730,1.0
1368,127,1.0
1375,4560,0.8
1380,4090,1.0
1394,647,1.0
1403,596,1.0
1406,3408,1.0
1417,3962,1.0
1427,5237,1.0
1429,2788,1.0
1432,5022,0.9
1457,586,0.9
1466,969,0.9
1467,3084,1.0
1474,1567,1.0
1481,3977,1.0
1483,1729,0.8
1493,1291,0.9
1501,3547,1.0
1506,5414,1.0
1511,754,1.0
1516,1131,1.0
1519,1279,1.0
1540,5063,1.0
1558,3729,1.0
157,113,1.0
1573,3820,1.0
1585,4059,1.0
1593,2876,0.9
1600,3982,1.0
1608,219,1.0
1609,2448,1.0
1610,617,1.0
1612,3874,0.9
1616,3796,1.0
1617,441,0.7
1619,1095,0.9
1630,4733,1.0
1638,3782,1.0
1650,4183,1.0
1653,1870,1.0
1664,3191,1.0
1668,4221,1.0
1671,3573,1.0
1672,31,0.7
1675,1749,1.0
1678,2946,1.0
1680,3565,1.0
1683,5047,1.0
1688,1366,1.0
1699,4600,1.0
170,4523,1.0
1701,5344,1.0
1702,985,1.0
1704,1194,1.0
1709,4801,1.0
1710,3525,0.8
1710,3526,1.0
1714,864,1.0
1716,589,1.0
172,2123,1.0
1720,4996,1.0
1722,0,1.0
1725,4417,1.0
1728,4291,1.0
1729,4127,1.0
1733,4037,1.0
1736,328,1.0
1738,4814,1.0
1741,2238,0.9
1742,659,1.0
1746,2864,1.0
1748,3327,1.0
1759,4433,1.0
176,2416,1.0
1761,5286,1.0
1761,5287,1.0
1766,5007,1.0
1769,4102,1.0
1774,719,1.0
1778,444,1.0
1780,4985,1.0
1785,2704,1.0
1790,4521,1.0
1791,4458,0.8
1792,567,1.0
1793,4165,0.7
1793,4166,0.9
1794,2213,1.0
1795,3289,1.0
1801,2820,1.0
1802,145,0.9
1808,377,1.0
1811,3770,1.0
1813,605,0.8
1814,4438,1.0
1815,4012,1.0
1816,1823,1.0
1818,4826,1.0
1820,4563,1.0
1831,4623,1.0
1832,2474,0.9
1833,4083,0.9
1835,4736,1.0
1849,5317,1.0
1850,3434,1.0
1859,4005,1.0
1861,945,1.0
1863,4029,1.0
1872,2809,1.0
1874,2996,1.0
1876,2604,1.0
1883,3147,1.0
1886,4010,0.8
1888,490,1.0
1892,2697,1.0
1894,215,1.0
1897,63,0.9
1898,1007,1.0
1899,3559,1.0
1900,5268,1.0
1902,2610,1.0
1903,3290,1.0
1905,197,0.9
1907,5283,1.0
1912,4867,1.0
1917,167,1.0
1919,807,1.0
1922,5205,1.0
1926,2643,1.0
1928,2200,0.9
1929,860,1.0
1935,2860,1.0
1937,3732,1.0
1938,1157,0.9
1942,4493,1.0
1946,3996,0.9
1947,1878,1.0
1952,4789,1.0
1952,4790,0.533333333333
1963,3393,1.0
1969,680,1.0
1971,355,1.0
1977,3237,1.0
1978,2702,1.0
1983,1271,1.0
1985,2501,1.0
1987,775,0.6
1989,4224,1.0
1990,4048,1.0
1994,4410,1.0
2,3266,1.0
2000,870,1.0
2005,3720,1.0
2008,4771,1.0
2015,2621,1.0
202,1232,1.0
2020,5038,0.9
2027,4413,1.0
2031,1366,0.633333333333
2035,804,1.0
2040,2038,1.0
2043,2255,1.0
2044,2220,1.0
2045,352,1.0
2046,4912,1.0
2047,2658,1.0
205,3371,1.0
2051,4642,0.9
2051,4643,1.0
2052,2676,1.0
2057,3343,1.0
2062,136,1.0
2063,5277,1.0
2067,4340,1.0
207,2459,1.0
2070,4470,1.0
2075,1182,1.0
2083,836,0.9
2088,1049,1.0
2089,593,1.0
2093,794,1.0
2099,3665,1.0
21,3481,1.0
2107,711,1.0
2112,5419,1.0
2113,3661,1.0
2118,3499,1.0
2119,55,1.0
2120,129,0.8
2123,483,1.0
2125,1841,1.0
213,3470,1.0
213,3471,0.9
2130,4118,1.0
2131,2039,1.0
2137,3521,1.0
2140,4480,1.0
2145,820,1.0
2157,3517,1.0
2161,1379,1.0
2162,5452,1.0
2163,515,1.0
2164,3765,0.8
2167,3409,1.0
2173,4518,1.0
2182,4469,1.0
2183,2115,1.0
2190,4448,1.0
2194,3988,1.0
2201,2298,1.0
2203,4863,0.9
2205,4590,1.0
2207,4903,1.0
2212,1326,1.0
2222,2143,1.0
2225,1490,1.0
2227,1947,1.0
223,5269,1.0
2230,2844,0.9
2237,2749,1.0
2238,3897,1.0
2244,3430,1.0
2248,1705,1.0
2252,2006,1.0
2253,4376,0.9
2257,1722,1.0
226,3903,1.0
2261,1787,1.0
2265,1591,1.0
2276,4049,1.0
2280,3089,1.0
2281,5081,0.9
2282,4299,1.0
2284,5437,1.0
2285,172,1.0
2286,3761,1.0
2288,5247,1.0
229,5168,0.9
2290,445,1.0
2294,873,1.0
2295,4647,1.0
23,1357,1.0
2304,502,1.0
2307,262,1.0
2309,2713,0.9
2314,2425,0.9
2324,3350,1.0
2328,3228,1.0
2337,4415,1.0
2340,165,1.0
2341,2540,1.0
2342,4585,1.0
2346,2294,1.0
2365,4164,1.0
2371,4815,1.0
2373,1176,1.0
241,1738,1.0
2420,4896,0.9
2425,851,1.0
2447,4936,1.0
2463,4082,1.0
2471,4724,1.0
2494,2321,1.0
2496,722,1.0
2502,3528,1.0
2505,13,1.0
251,970,1.0
2525,4732,1.0
2537,3536,0.9
2556,895,1.0
2567,5280,1.0
2569,1407,1.0
2571,1558,1.0
2585,922,1.0
2590,4456,1.0
2592,2959,1.0
2605,1439,1.0
261,2669,1.0
262,4286,1.0
2620,2443,1.0
2630,2523,1.0
2632,4658,1.0
2646,3250,1.0
2664,4958,1.0
2666,4594,1.0
2668,4378,1.0
2750,3034,1.0
2756,3847,1.0
277,484,1.0
2784,3672,1.0
2789,683,1.0
279,3079,1.0
2797,4944,1.0
2808,5058,1.0
281,2181,1.0
2810,4357,1.0
2832,1363,1.0
2860,1651,1.0
2865,5304,1.0
2866,3622,1.0
2874,2528,1.0
2876,714,1.0
2895,4320,1.0
2899,18,1.0
2903,341,1.0
2906,278,1.0
2918,2206,1.0
2919,5412,1.0
2922,1894,0.8
2932,3003,1.0
2936,4551,1.0
2939,703,1.0
296,2183,0.9
297,2775,1.0
2974,5239,1.0
2998,133,1.0
30,3704,1.0
3002,548,1.0
3004,5417,1.0
3029,5308,1.0
3065,2179,1.0
3068,599,1.0
307,2372,1.0
3074,5290,1.0
3079,1531,1.0
3080,1717,1.0
3087,3149,1.0
3098,1549,1.0
31,858,1.0
3117,5302,1.0
3141,918,1.0
3184,1160,0.9
3191,1203,1.0
3198,5404,1.0
3227,745,1.0
3232,2657,1.0
3259,1885,1.0
3270,2695,1.0
3295,5099,1.0
330,5338,1.0
3307,5096,1.0
3345,5189,1.0
3348,3659,1.0
3349,2456,1.0
3359,3407,1.0
3388,1819,1.0
3395,3208,0.9
3408,1530,1.0
341,5369,1.0
3412,2086,1.0
3415,3818,1.0
3446,3986,1.0
3452,2957,1.0
3467,1336,1.0
3478,5438,0.9
3479,3032,1.0
3509,1134,1.0
352,598,1.0
3523,4323,1.0
3544,3902,1.0
3556,3353,1.0
3562,3634,1.0
3566,5327,1.0
3573,455,1.0
3580,4217,0.9
3586,1754,1.0
3587,573,1.0
3592,2094,1.0
3593,1555,1.0
3595,2941,1.0
3598,1355,1.0
3601,142,1.0
3603,698,1.0
3605,1700,1.0
3617,5417,1.0
362,613,0.9
3626,299,1.0
3632,2203,1.0
3636,2040,1.0
3641,5092,1.0
3664,2764,1.0
3665,5341,1.0
3667,5300,1.0
3671,4853,1.0
3682,2638,1.0
3684,4871,1.0
3686,4311,1.0
3686,4312,1.0
3694,5442,1.0
3707,1436,1.0
3716,1851,0.9
3718,3999,1.0
3722,4453,1.0
3744,630,1.0
3757,2339,1.0
376,5114,1.0
3764,1796,1.0
3771,1133,1.0
3780,2336,1.0
3782,2555,1.0
3793,662,1.0
3804,2681,1.0
3810,346,1.0
3815,487,1.0
3817,1338,0.7
382,3840,0.9
3825,3508,1.0
3828,2066,1.0
383,3658,1.0
384,4057,1.0
3842,2374,1.0
3844,1673,1.0
385,2518,1.0
3853,2671,0.7
3854,4184,1.0
3861,5334,1.0
3873,3163,1.0
3880,1327,1.0
3881,4832,1.0
3902,2833,1.0
3903,1779,1.0
3920,4627,1.0
3921,1286,0.9
3923,4627,1.0
3924,3026,1.0
3932,5445,1.0
3936,4876,1.0
3938,3875,1.0
3944,701,1.0
3948,2865,1.0
3952,708,1.0
3954,4368,1.0
3956,1307,1.0
3960,2019,1.0
3961,3463,1.0
3963,4193,1.0
3969,4967,1.0
3971,4381,1.0
3992,3975,1.0
400,5202,1.0
4018,2968,0.9
4022,551,1.0
4026,137,1.0
4028,269,1.0
4032,2974,1.0
4033,4971,1.0
4037,311,1.0
404,2264,1.0
4046,3065,1.0
4050,1462,1.0
4052,5076,1.0
4053,5409,1.0
4056,5026,1.0
406,4607,1.0
4063,1741,1.0
4064,2602,1.0
4068,5296,0.9
4070,3047,1.0
4080,1731,1.0
409,1078,0.9
412,4110,1.0
4120,3202,1.0
4131,1080,1.0
4136,3130,1.0
4148,557,1.0
4150,4114,1.0
4153,4137,1.0
4154,4255,1.0
4249,4174,1.0
425,4791,1.0
428,3072,1.0
434,4768,1.0
448,2417,1.0
4490,2908,1.0
4574,1380,1.0
461,4343,1.0
4647,2971,1.0
47,3910,1.0
478,2516,1.0
479,1639,1.0
499,3510,1.0
504,2692,1.0
51,1893,1.0
550,2375,1.0
562,4593,1.0
580,4179,1.0
582,433,1.0
583,2107,1.0
585,1147,1.0
592,4101,1.0
593,4841,0.9
594,2911,1.0
6,4345,1.0
608,2376,1.0
626,1285,1.0
631,3160,1.0
634,4620,1.0
64,1414,1.0
649,4287,0.9
68,2418,0.9
685,495,1.0
686,2367,1.0
721,5342,1.0
723,3506,1.0
729,3842,1.0
73,2912,1.0
732,212,1.0
734,1849,1.0
736,1020,1.0
743,3297,1.0
757,885,1.0
758,1235,1.0
766,4477,1.0
776,4212,1.0
783,5034,1.0
786,1423,1.0
791,1850,1.0
808,578,0.9
846,4201,1.0
85,3973,1.0
87,1311,1.0
873,4245,1.0
877,2731,1.0
894,2667,1.0
896,3057,0.9
899,1660,1.0
912,982,1.0
921,5073,0.9
929,3537,1.0
930,2711,1.0
931,3530,1.0
932,1726,1.0
935,4092,1.0
94,2772,1.0
94,2773,1.0
953,98,1.0
959,4856,1.0
975,4888,1.0
979,1201,1.0
981,585,1.0
983,5297,1.0
